22 62
22 66
23 61
23 62
23 63
23 65
23 66
23 67
23 68
23 69
23 70
23 71
24 58
24 59
24 60
24 61
24 62
24 63
24 64
24 65
24 66
24 67
24 68
24 69
24 70
24 71
24 72
24 73
24 75
25 56
25 59
25 60
25 61
25 62
25 63
25 64
25 65
25 66
25 67
25 68
25 69
25 70
25 71
25 72
25 73
25 74
25 75
26 54
26 55
26 56
26 57
26 58
26 59
26 60
26 61
26 62
26 63
26 64
26 65
26 66
26 67
26 68
26 69
26 70
26 71
26 72
26 73
26 74
26 78
26 80
27 51
27 53
27 54
27 55
27 56
27 57
27 58
27 59
27 60
27 61
27 62
27 63
27 64
27 65
27 66
27 67
27 68
27 69
27 70
27 71
27 72
27 73
27 74
28 50
28 51
28 52
28 53
28 54
28 55
28 56
28 57
28 58
28 59
28 60
28 61
28 62
28 63
28 64
28 65
28 66
28 67
28 70
28 71
28 72
28 73
28 74
28 79
29 50
29 51
29 55
29 57
29 59
29 62
29 65
29 66
29 67
29 68
29 73
29 81
30 51
30 60
30 62
30 63
30 66
30 67
30 68
30 69
30 70
31 50
31 55
31 56
31 57
31 58
31 59
31 60
31 61
31 62
31 63
31 64
31 65
31 66
31 67
31 68
31 69
31 70
31 71
31 72
32 44
32 45
32 50
32 51
32 52
32 53
32 54
32 55
32 56
32 57
32 58
32 59
32 60
32 61
32 62
32 63
32 64
32 65
32 67
32 68
32 69
32 70
32 72
33 45
33 47
33 48
33 49
33 51
33 52
33 53
33 54
33 56
33 57
33 59
33 60
33 61
33 62
33 63
33 64
33 65
33 66
33 67
33 68
33 69
33 70
33 71
34 43
34 44
34 51
34 54
34 57
34 59
34 61
34 62
34 64
34 65
34 66
34 67
34 68
34 69
34 70
34 72
34 73
35 41
35 45
35 46
35 66
35 67
35 68
35 69
35 70
35 71
35 72
35 73
36 40
36 41
36 42
36 43
36 44
36 45
36 46
36 69
36 70
36 71
36 72
36 73
36 74
37 40
37 41
37 42
37 43
37 44
37 45
37 70
37 71
37 72
37 73
37 93
38 39
38 41
38 42
38 43
38 44
38 72
38 73
38 74
38 92
38 93
38 94
39 38
39 40
39 41
39 42
39 43
39 44
39 45
39 73
39 74
39 75
39 76
39 77
39 93
39 94
39 95
40 39
40 40
40 41
40 42
40 43
40 44
40 45
40 73
40 74
40 75
40 76
40 77
40 78
40 93
40 94
40 95
40 96
41 38
41 40
41 41
41 42
41 43
41 44
41 45
41 74
41 75
41 76
41 77
41 78
41 79
41 80
41 94
41 95
41 96
41 97
42 38
42 39
42 40
42 41
42 42
42 43
42 44
42 45
42 74
42 75
42 76
42 77
42 78
42 79
42 80
42 81
42 95
42 96
43 39
43 40
43 41
43 42
43 43
43 44
43 45
43 46
43 74
43 75
43 76
43 79
43 80
43 81
43 82
43 95
43 96
43 97
44 38
44 39
44 40
44 41
44 42
44 43
44 44
44 45
44 46
44 69
44 70
44 71
44 72
44 73
44 74
44 75
44 76
44 77
44 80
44 81
44 82
44 96
44 97
45 38
45 39
45 40
45 41
45 42
45 43
45 44
45 45
45 46
45 69
45 70
45 71
45 72
45 73
45 74
45 75
45 76
45 82
45 83
46 38
46 39
46 40
46 41
46 42
46 43
46 44
46 45
46 46
46 68
46 69
46 70
46 71
46 72
46 73
46 74
46 75
47 40
47 41
47 42
47 43
47 44
47 45
47 46
47 67
47 68
47 69
47 70
47 71
47 72
47 73
47 74
47 75
47 76
48 39
48 40
48 41
48 42
48 43
48 44
48 45
48 46
48 66
48 67
48 68
48 69
48 70
48 71
48 72
48 73
48 74
48 75
48 76
49 37
49 40
49 41
49 42
49 43
49 44
49 45
49 53
49 66
49 67
49 68
49 69
49 70
49 71
49 72
49 73
49 74
49 75
49 76
50 38
50 39
50 40
50 41
50 42
50 43
50 44
50 45
50 46
50 65
50 66
50 67
50 68
50 69
50 70
50 71
50 72
50 73
50 74
50 75
50 76
51 37
51 38
51 39
51 40
51 41
51 42
51 43
51 44
51 45
51 46
51 66
51 67
51 68
51 69
51 70
51 71
51 72
51 73
51 74
51 75
51 76
52 38
52 39
52 40
52 41
52 42
52 43
52 44
52 45
52 46
52 47
52 65
52 66
52 67
52 68
52 69
52 70
52 71
52 72
52 73
52 74
52 75
52 76
53 38
53 39
53 40
53 41
53 42
53 43
53 44
53 45
53 46
53 47
53 54
53 55
53 56
53 57
53 58
53 64
53 65
53 66
53 67
53 68
53 69
53 70
53 71
53 72
53 73
53 74
53 75
53 76
54 38
54 39
54 41
54 42
54 43
54 44
54 45
54 46
54 47
54 65
54 66
54 67
54 68
54 69
54 70
54 71
54 72
54 73
54 74
54 75
54 76
55 39
55 40
55 41
55 42
55 43
55 44
55 45
55 46
55 47
55 66
55 67
55 68
55 69
55 70
55 71
55 72
55 73
55 74
55 75
55 76
56 40
56 42
56 43
56 44
56 45
56 46
56 47
56 65
56 66
56 68
56 69
56 70
56 71
56 72
56 73
56 75
57 43
57 54
57 56
57 60
57 61
57 64
57 66
57 69
57 70
57 71
57 72
58 57
58 59
58 60
58 62
58 63
58 64
58 66
58 71
59 56
59 57
59 63
