-0.0001794044161622747 0.000549562624995179 -0.0002485700812628843 9.838098984402511e-05 9.994421494516159e-05 -0.0001800693741776102
-0.001334603208065073 0.003946563083408788 -0.001835844107850385 0.0007486951388040163 0.0007051092517986226 -0.001335118014713589
-0.0005434741654295523 0.002184019627997192 -0.000915225236403089 0.0003333563132025778 0.0004183549583953746 -0.0006610762122726518
-0.001360139107391863 0.00433121795870927 -0.001902939492060793 0.0007265584555610555 0.0008061124642927426 -0.001373079179189085
-0.0006398935823155894 0.002208991593916499 -0.000962204439921104 0.0003652150491311161 0.0004138535798516971 -0.0006957505582322162
-0.001196145519165497 0.00393107026341749 -0.001787481954958673 0.0007154557810122661 0.0007135268393664749 -0.00130131705931527
-0.0005950465167300578 0.001412349042757819 -0.000695154441306594 0.0002965388043911395 0.0002415186081866568 -0.0005047569561123474
-0.0003765071976903727 0.001035492355762806 -0.0004887688331333261 0.0002014138081411532 0.0001829807674082115 -0.0003549336848285998
-0.001118599227957582 0.002446221442967719 -0.001246920849429534 0.0005495862006334994 0.00040455246164875 -0.000907851651432577
-2.934510880612519e-05 5.52146374504099e-05 -2.985212388233126e-05 1.373541172312186e-05 0 -2.17570874597633e-05
-0.0001718855325934622 0.0003254198276386445 -0.0001743398248425454 7.971494221386685e-05 5.12729576855921e-05 -0.0001269415346066462
-0.0007363994854578031 0.001481951005470007 -0.000783448386689736 0.0003553655952059389 0.0002371906082600738 -0.000571341775258527
-0.0001336599570210063 0.0008096828820875013 -0.000317232711860946 0.0001061626836934569 0.000161785754419343 -0.0002290654678494363
-0.0003018951886113671 0.001349161613482854 -0.000553620411277447 0.0001959989810105364 0.0002624634631261764 -0.0003995506151057205
-0.0006444534951178799 0.00283299033903826 -0.001166192996056956 0.0004147414765143169 0.0005498088153513762 -0.0008419002257424902
-0.001045582083335008 0.0044697998395495 -0.001833970005574013 0.0006500773045578033 0.0008684271474957857 -0.001322745656162199
-0.001021700252482448 0.004197910044465958 -0.001725152466923665 0.000609202072270173 0.0008167238316757306 -0.001241613148517885
-0.0007479587856784658 0.003056315562632468 -0.001276930919258486 0.0004617957125159464 0.0005889230219730853 -0.0009220161235421744
-0.0009343325410227287 0.00330067378339639 -0.001432283463499812 0.0005412902798263052 0.0006198273096917695 -0.001035800283158329
-0.001028034257416292 0.003009773972859141 -0.001389558228667672 0.000560660338664647 0.0005411824575539866 -0.00100841045402732
-0.001000096687926171 0.002710642796338858 -0.001266527077949961 0.0005150559494848594 0.0004830005546087612 -0.0009172989031320817
-0.001090056776905458 0.002534868385145572 -0.001266161157666628 0.0005483188122799149 0.0004274289608407534 -0.0009212867008942467
-0.002927470604507633 0.007471606002419206 -0.003596854867831177 0.001504582383540983 0.001304175111060064 -0.002611775943674292
-0.001198889448752361 0.002508206681569444 -0.001291201329231192 0.0005711209176944242 0.0004128423428873275 -0.0009386760328991442
-0.00194318669371692 0.004151836830043193 -0.002134681511808675 0.0009445549591709733 0.000683919410551836 -0.001553424017389009
-0.001637298388415541 0.003163794096378081 -0.001695122575762558 0.0007776708962251721 0.0004981561328541269 -0.001236840703772609
-0.0009720143213671127 0.002097378606189258 -0.0010872702630196 0.0004866445784466604 0.000341755339284221 -0.000793332923837966
-0.001221205287621601 0.002623342222825273 -0.001371761462325539 0.0006200088532470624 0.0004237776008958129 -0.001003017423803421
-0.0008027217760773143 0.001567071510747638 -0.0008444843462873448 0.0003901925183259374 0.0002451926573506662 -0.0006173804177897403
-2.480981918814594e-05 0.0001694560736308409 -6.384230311182424e-05 2.000479641852889e-05 3.470383060914389e-05 -4.585945292469546e-05
-8.663074810811504e-05 0.0004469169612192978 -0.0001753378129969771 5.795767085967526e-05 8.964449682038794e-05 -0.0001258831428846145
-0.0005002544207987772 0.002379813421834247 -0.0009534579851943886 0.0003268447399347785 0.0004705895837039169 -0.0006868009818563767
-0.0005648627094928724 0.002582182648069682 -0.00104551697219599 0.0003628473736075659 0.0005077455660994603 -0.0007532513157727556
-0.0006564838207845789 0.002816891596848545 -0.001161261598607452 0.0004125253310334093 0.0005479665194515999 -0.0008377417360526599
-0.002060803833709384 0.007337548753867197 -0.003201752744038176 0.00122489212443675 0.001370660513670112 -0.002322435872333221
-0.0009289398021324127 0.003022230350274483 -0.001323837290758651 0.000504149178384543 0.0005644020411577499 -0.0009559877549331595
-0.001174591091099606 0.003939720470812238 -0.001730148083146845 0.0006611659883563232 0.0007357403338582189 -0.001251285957119765
-0.0009570825689508164 0.002712526897775283 -0.001239533538687192 0.0004912117428556079 0.0004930078427561481 -0.0008955253166531572
-0.002444639850543935 0.00640259551349759 -0.003073637409993515 0.001285911017398308 0.001119767027801919 -0.002235197540298813
-0.001624025686325349 0.003719184429367648 -0.00187230788403443 0.0008145515605758766 0.0006258907944551985 -0.001362810068881061
-0.00259058717259731 0.006074164364988424 -0.003085375030743321 0.001359927412388642 0.001011719227029189 -0.002254338635491827
-0.001533978274237405 0.002974674454001371 -0.001583453962818153 0.0007187466008105239 0.0004746280557323126 -0.001152856885780584
-0.001947745638541747 0.003913458719244091 -0.002070230406979224 0.0009374045430632775 0.0006279781370245632 -0.001509365813781561
-0.0008434982770354957 0.001765872488293407 -0.0009304368685916317 0.0004226344723269453 0.0002830075790664115 -0.0006801135602092102
-0.0007951261736046151 0.001578385560233007 -0.0008467966258688641 0.0003897356370664251 0.0002483355980244978 -0.00061907357919767
-0.0002094961926878872 0.0003860936751453584 -0.000212348308852351 9.921558849691672e-05 5.92720618736384e-05 -0.000155107451405578
-0.000472525654070887 0.0008842083904263653 -0.0004865521307299621 0.0002281952141809347 0.0001354444219033655 -0.0003560456802593472
0.000194540653817114 0.006381838481565955 -0.002044086542608694 0.0004813155963417879 0.001412965367552733 -0.001472871579599386
-0.0001010830010059862 0.002450248730035074 -0.0008292742669455305 0.0002148502732512953 0.0005316625526175099 -0.0005941907620222428
-9.874549081980893e-05 0.001473841552027389 -0.0005029743809916958 0.0001311869090817057 0.0003184236752563503 -0.0003588387016554825
-0.0002869386580359009 0.003620684177195228 -0.001269647592920835 0.0003508945703374303 0.0007727406546041345 -0.0009093697150148608
-0.0003769808915457194 0.00315905738648408 -0.001157972978176319 0.0003465164765535584 0.0006592581283600503 -0.0008312741614007273
-0.0009545009988307541 0.006387194966652208 -0.002423523417240123 0.0007682624511769109 0.001308214404139779 -0.001743975809337414
-0.0005837817413464999 0.003137977493236877 -0.001231785778735567 0.0004100812844252564 0.0006300113404976318 -0.000887006555057928
-0.0009830051017240406 0.004744783658633385 -0.001892606093330564 0.0006415487193629394 0.0009441437045585551 -0.00136167698847902
-0.001106341009463444 0.005442321922111349 -0.002185665016651074 0.0007522105998857537 0.001077433962545842 -0.001577168249424741
-0.001456759542201768 0.006869689360953322 -0.002785840280673264 0.0009714906922399333 0.001352602317602178 -0.00201174702049194
-0.001590020947347659 0.007227575493832609 -0.002919827656399127 0.001008383074081775 0.001426660663647776 -0.002102704444165986
-0.001169048659875758 0.004424730252835282 -0.001863427694006431 0.000677272441315593 0.000851144754536333 -0.001343688844472959
-0.001681614822947263 0.005483441120220654 -0.002421380410325918 0.0009268594584584635 0.0010244442566183 -0.001749991780855006
-0.002239573950802093 0.005741927642481966 -0.00272681219760738 0.001121727768222421 0.001016768560363258 -0.001975136046536204
-0.0009985596820156247 0.002374400211376177 -0.001178014735949473 0.0005060160464283894 0.0004051661184037802 -0.0008569885739405039
-0.002351680712724581 0.004858219470998848 -0.002518844493744127 0.001119355296037391 0.0007971422568203329 -0.001832453108522167
-0.00389573879995804 0.008809258597229159 -0.004476359486209832 0.001964306326613739 0.001471947032212329 -0.003262978007853113
-0.002706298387033422 0.005662657722029607 -0.003018219464340164 0.001380390336075103 0.0009045210154529587 -0.002210257133193865
-0.001256408381902173 0.002421634065861865 -0.001303164913311201 0.0005963097489399997 0.000383255134852231 -0.0009499331779283293
-0.001838158322989687 0.003854849486384199 -0.002030217823938083 0.0009182723277476787 0.0006219446979155636 -0.001482903114555581
-0.0009014086357825304 0.001702822429481445 -0.0009367890247944997 0.0004378655102689953 0.0002627389586499428 -0.0006853879046321751
-0.001197701816531369 0.002831144684862379 -0.001469613289794032 0.0006665035269649026 0.0004588084850008513 -0.00108011529248479
-0.0003234746581104945 0.00072944333005448 -0.0003800599062711734 0.0001724509927920139 0.0001174336513506257 -0.0002786600090069136
0.0001276068174782321 0.001976762501044392 -0.0005861414309172663 0.0001094772120871852 0.000452897527784903 -0.0004186255422049857
1.626038812441515e-05 0.0008297274680460895 -0.000256593099737089 5.316338038801214e-05 0.0001875071247891937 -0.0001826666222551563
4.819647387428664e-05 0.002153383808558748 -0.0006596938859509637 0.0001322976850193734 0.0004885117138281666 -0.0004686894161700968
9.119951851719394e-05 0.0058548546939571 -0.001839274801271276 0.000400557817867167 0.001314506630387652 -0.001313529011498766
-0.000208886514168852 0.004303234847372296 -0.001438644852943215 0.0003595780723527589 0.0009407924065234584 -0.001026478717747974
-0.0003118121494046879 0.00875371376622042 -0.003024809823611093 0.0008279653670062086 0.001883665756670101 -0.002182952113800066
-0.0004256924454339668 0.003914352907784359 -0.001420877655287609 0.0004185536080487009 0.000822335195913612 -0.001020313248492669
-0.0004995806890622365 0.003912506867057865 -0.001427847562069612 0.0004203708631278186 0.000821516213006927 -0.001021798274084659
-0.0007213618115536557 0.005274484182196252 -0.001966092759184809 0.000603355590283684 0.001094196575637166 -0.001412121971809879
-0.0008959863416491456 0.006207355126200747 -0.002352490276096301 0.0007442826923796761 0.001275335866922243 -0.001694012529660354
-0.001206349183372849 0.006535259092598343 -0.002542361596810949 0.0008350755921482162 0.001319953491546301 -0.00182880108305458
-0.0007954380251679919 0.005486961662391061 -0.002088593677558163 0.0006670855714851548 0.001123736873196547 -0.001505792450667017
-0.0005556249663942734 0.002879195396631265 -0.001131208231308745 0.0003753811503021696 0.0005797964779727666 -0.0008135207791823111
-0.001295593451323097 0.006402944857769923 -0.002605244078851451 0.0009147698331815679 0.001261430965733936 -0.001886107244296303
-0.0004329566702391082 0.001771275340354508 -0.0007382907113541489 0.0002654664024374673 0.000343259277826981 -0.0005328620340490035
-0.001157161255951003 0.003770375171283654 -0.001688331656260795 0.0006572617773757276 0.0006992963545586071 -0.001223612723607419
-0.001476670835822021 0.004050077739561388 -0.001920068563684997 0.0007926958844720558 0.0007179731663898822 -0.001395738168367993
-0.002699388824155184 0.007158659769365392 -0.003444634536587941 0.001437475163359102 0.001260026229800745 -0.002505117592331702
-0.001573505632455463 0.003174843008914974 -0.001689600071626812 0.0007674343850104117 0.0005096720055111112 -0.001233230299406343
-0.001509573058775138 0.002779064469851627 -0.001517655945614898 0.000700470023796635 0.0004342479865767657 -0.00110602300707084
-0.001319708720493846 0.002666234228726071 -0.001427956438786454 0.0006518319615852042 0.0004255664542028741 -0.001042966840491421
-0.00102275506392184 0.001791175125955869 -0.001019919695003212 0.0004878810884475808 0.0002665270185064429 -0.0007471347915410211
-0.002155958460933471 0.004576895555011953 -0.00248391934355511 0.001158914869412837 0.0007158713807927908 -0.001827613716941006
0.0002634121984119657 0.003381081523487664 -0.001001265438989418 0.0001893646082408748 0.0007747190623985185 -0.0007180964687645049
2.318624220970216e-05 0.0004355243201719512 -0.000130535110628015 2.495887642916049e-05 9.956140846982916e-05 -9.309686831477966e-05
0.0003042051059156215 0.004335667139086957 -0.001275608104393623 0.0002295665442932236 0.001000565798061945 -0.0009100737685215785
0.000162723463240462 0.00216358329094736 -0.0006304409544517856 0.0001089021602075112 0.0005013979911343091 -0.0004489413937244228
0.0003556949500538367 0.00402391046960488 -0.001154020846026915 0.0001878270119265344 0.0009381058429951784 -0.0008213998592857208
9.354335547677533e-05 0.003765041074193339 -0.0011614361222757 0.0002378070733867373 0.0008548022465601684 -0.0008271836186737557
-1.247100007004523e-05 0.004213687220376783 -0.001354329602110972 0.0003105114275759236 0.0009406138215629716 -0.000967767239403934
-0.0001691130602411604 0.004530855351985171 -0.001536918040261238 0.0004015427800609637 0.0009853658203632617 -0.001103773817814932
-0.0001011759271372802 0.001260827056777481 -0.000442044038084717 0.0001214948180013353 0.0002707578694458542 -0.0003165413939930336
-0.0003371006423729516 0.003470829157220469 -0.001246199716179907 0.0003599341736369193 0.0007352662507278906 -0.0008947669168331219
-0.0003747794614027535 0.003766607816127772 -0.00138237836585159 0.0004174356719936574 0.0007886281294099971 -0.0009970774962327644
-0.0004688293554293467 0.003272555331470477 -0.001251887155128161 0.0004036057917717835 0.0006685540086988345 -0.0009038215881971641
-0.0006632112457648941 0.0047605802410508 -0.001789216802217336 0.0005595171646185143 0.000982390146110363 -0.001287873738743641
-0.0003905885664658953 0.002589569139927714 -0.0010001231920611 0.0003283040277573627 0.000525630618674906 -0.0007231447009505749
-0.0004085676091575149 0.002854379908910005 -0.001082034973531766 0.0003433227437259713 0.0005866286789828039 -0.0007798056879783123
-0.000209800962742616 0.001494029459764181 -0.0005688499918523372 0.0001824037628839597 0.0003058714584340379 -0.0004106223023853499
-0.0005439022483248664 0.003378007023641133 -0.001322176881155838 0.0004423804938631563 0.000680394161956713 -0.000956640072799679
-0.0008364228311328099 0.004233862674362835 -0.001706985897334075 0.0005910847051744817 0.0008381035812500569 -0.001233518095558719
-0.0007383122392836392 0.001997443534072246 -0.0009668962605347028 0.0004060783447614882 0.0003499675838546469 -0.0007041836365273867
-0.001252755403484164 0.002532079697259933 -0.001366790254888334 0.0006292702565519698 0.0004009204202800266 -0.001000459408016577
-0.001948439195232555 0.003821493664810972 -0.002092678205691864 0.0009732353673083096 0.0005971001249964314 -0.001532787345375564
-0.002090811841210048 0.003684766260841755 -0.002117423543173323 0.001020716454997085 0.0005452043500675438 -0.001555242054114942
-0.0003453433695833146 0.0006299128633405626 -0.0003582458769237965 0.0001719823668304712 9.373478643668859e-05 -0.000263209119032393
-0.0006366287882764027 0.001359101071487365 -0.0007186956964280283 0.0003278483056822948 0.0002174482468893644 -0.0005262448744843297
0.0002123863151724474 0.001447365433628061 -0.0003830570772853073 4.259450519465531e-05 0.0003469217959504871 -0.0002718838486757605
0.0002418460990457496 0.002319277090103967 -0.0006434877047177159 9.026516939201724e-05 0.0005476576136341653 -0.0004563855931994062
3.598720641218164e-05 0.003047361329534789 -0.0009718113487998571 0.0002202340637111779 0.0006823087585515231 -0.0006958217017081753
-0.0002191120534831411 0.004065121640970115 -0.001397309996919734 0.0003746603383750696 0.0008796950401910971 -0.001003718950843925
-8.595017624588625e-05 0.002295591107411259 -0.0007899280289780971 0.0002126218740973069 0.0004972296832524718 -0.0005688380108357094
-9.672874127163651e-05 0.0008621258085906534 -0.0003188474242218719 9.690394462391691e-05 0.0001801823417313595 -0.0002295887580994225
-0.0004153883627716406 0.003103370528843829 -0.001193640051769613 0.0003923294569646547 0.0006310334498458218 -0.0008655314398287756
-0.0001209876039261942 0.0007359060816849473 -0.0002880871526529849 9.647817847365408e-05 0.0001480254463480425 -0.0002083208431579038
-0.0002026691108143153 0.00110380817914481 -0.0004470669603814764 0.0001568746297893504 0.00021771877619245 -0.0003242884942091887
-0.0002071258947664426 0.001712829553192367 -0.0006593749538635065 0.00021643123665613 0.0003477331003243677 -0.0004782036491682505
-0.001058413840368998 0.001832273429454852 -0.001065497831806097 0.0005175937353381883 0.0002673998104731478 -0.0007829893060277555
-0.0002376633158884844 0.0004385131870944575 -0.0002479473569879742 0.0001195357011247961 6.47202149750614e-05 -0.000182481314951262
1.846882047500516e-05 0.000213589896261859 -6.094919816840787e-05 0 5.005059239803724e-05 -4.330248293367e-05
-4.986037178800366e-05 0.0009144878620531489 -0.0003140692217451423 8.28447149684069e-05 0.0001990612941480689 -0.0002250005198578598
-0.0002613423730653628 0.001694495033771869 -0.00065199053676073 0.0002085667449061368 0.0003481868647791472 -0.0004690867493926325
-0.0001207287354215184 0.0005726939268611646 -0.0002388081969477236 8.61838099304995e-05 0.0001117118688930702 -0.000173226543406802
-0.0006673031474731876 0.002176449867574983 -0.0009645285137221153 0.0003727937886211939 0.0004063317475398204 -0.0006989471746302444
-0.001524029505376775 0.00548745940064274 -0.002425882153894079 0.0009397852893265669 0.001025123710382935 -0.001764080885323959
-0.001512266324314279 0.005581631291664743 -0.002475318638841068 0.0009654218590207155 0.001038004739989019 -0.001803124989981542
-0.001502434887569506 0.005074239806141411 -0.002341611959898688 0.0009541350044823724 0.0009151229493397216 -0.001712351820485038
-0.0005737189733547001 0.002424274036752903 -0.001042189870190499 0.0003895241140066331 0.0004626488900737818 -0.000756641660807178
3.420414830670645e-05 0.0002189235272520197 -5.713528642441663e-05 0 5.29089496299872e-05 -4.048948531096154e-05
-3.4360621817501e-05 0.0009838969452081534 -0.0003284795554446144 8.178133902469429e-05 0.0002168026037995486 -0.000234966848487623
-4.197525952149118e-05 0.001036691068895046 -0.0003462094619551513 8.564851017863871e-05 0.0002288029490740979 -0.0002472318636211322
-5.552006131296452e-05 0.0009219127376781487 -0.0003175465998870274 8.392442582962569e-05 0.000200786679529386 -0.0002273398163860682
0 3.040451870331579e-05 -1.199139111948075e-05 0 0 0
-0.0004852662275182883 0.004864597453487231 -0.001748789494708167 0.0005016086491700264 0.001037953760134811 -0.001254614962903734
-0.0006741515337450978 0.005216400513690518 -0.001928763606529543 0.0005799507204129233 0.001095919076073032 -0.001384255004353058
-0.0005876342833279576 0.004157991684169909 -0.001575894868278439 0.0004935245131294588 0.000862616291393378 -0.001133813389865282
-0.0002216215904964861 0.001148602288951334 -0.0004551028968229723 0.0001504935005189047 0.0002333206075791816 -0.0003269385765978496
-0.0004108119448637519 0.001416681457002031 -0.0006185160383473911 0.0002318723182563391 0.0002703282496865587 -0.0004466193528165218
-0.0004646342952511008 0.001337246218539791 -0.0006227031540378461 0.0002513415352125891 0.000242769981408527 -0.0004519509653786828
-0.0006819541818821438 0.001959131759897334 -0.0008993910073870012 0.0003580561362771005 0.0003587904070759009 -0.0006515567640879229
-0.001069029218066564 0.002842904129569522 -0.001365190034273774 0.0005712615958042035 0.0005022058718189488 -0.0009946553614070498
-0.00142502415100091 0.003501078958138482 -0.001716388766102089 0.0007311866527648632 0.0006073030839558345 -0.001250289908961656
-0.001925202572403031 0.004271375425683209 -0.002180954722070339 0.000960645147695534 0.0007152979776403896 -0.001590757498314873
-0.002044404606308065 0.004049847319274718 -0.002166178003211976 0.000989260060388201 0.0006491553578610871 -0.001582694732018147
-0.0007934406275995207 0.00144403390281604 -0.0007929528827667762 0.0003672974926347757 0.0002254495773852268 -0.0005780950135988506
-0.0007831511462224478 0.001418950158702244 -0.0008055167851049104 0.0003851039991917994 0.0002129743281334835 -0.000591277948054112
-0.000150043235002788 0.0002751592901945475 -0.0001586610916419174 7.693479184219664e-05 4.050475030639609e-05 -0.000116870533206416
4.672832518119451e-05 0.000104686384411844 -1.648188999829908e-05 0 2.855636152244416e-05 -1.141449326413251e-05
0.0003758666867024784 0.0007810033024819857 -0.0001087790063620532 -5.52839905770124e-05 0.0002178566639015818 -7.403047408533149e-05
0.0009388956420833806 0.003764134499526573 -0.000858184974161559 0 0.0009494820139829022 -0.0006051764741003333
0.0003998777554334841 0.001998388607194643 -0.000478016268449723 1.516427327805692e-05 0.0004976723266629726 -0.0003355434929510421
0.0006235108412088315 0.003504309413906564 -0.0008742997878826121 5.403859588695257e-05 0.0008630620374462091 -0.0006152042113366815
9.096025897770396e-05 0.0008092651037412426 -0.0002233792806052571 2.970718299674752e-05 0.0001928494479747889 -0.0001582493138505939
0 0.0001832620954277187 -5.745892719775835e-05 1.221754084454283e-05 4.157800493443941e-05 -4.097355981956571e-05
6.208859111462318e-05 0.00391148337996666 -0.001230153421452519 0.0002644662990218177 0.0008865755120343292 -0.0008780735770942937
-4.947541697603686e-05 0.0006376848506107153 -0.0002204217038497912 5.823888357697974e-05 0.0001388903936531888 -0.0001573825925389972
-0.0004115534161798482 0.004039260715192939 -0.001446008741125846 0.0004106656670072913 0.0008650494503493863 -0.00103634493653164
-0.0002609702216885297 0.003015209328184784 -0.00106324845430737 0.0002943741764719313 0.0006504084716259331 -0.0007620304747122281
-0.0004119983101395215 0.003092868122888772 -0.001150281400532579 0.0003488751299745799 0.0006494863654031423 -0.0008260611935086007
-0.0003546405018766957 0.002293530059310114 -0.0008748610254596978 0.0002754132789526206 0.0004761235650399294 -0.0006288801318240594
-0.0005226250671224704 0.003248682969558781 -0.001254492405835212 0.0004027394438505418 0.0006699348949734527 -0.0009029926075744118
-0.001439358787682333 0.008584177205238672 -0.003415512471319701 0.001159748723083911 0.001733854343474473 -0.002475128812232344
-0.001056544912144233 0.004547492113709625 -0.001884713416641079 0.0006656165310343911 0.0008996644293244967 -0.00136011433239668
-0.0009177633713643909 0.003191563932408073 -0.001392946125734039 0.0005241377580683772 0.0006093981240820925 -0.001007460774680634
-0.0009539902817699659 0.002648799674731033 -0.001234014354032544 0.0004984641086665249 0.0004812361581273526 -0.0008951371906338849
-0.001583126867284276 0.00321064862699059 -0.001681681928965099 0.0007544231755735271 0.0005267985619451932 -0.001226347694621945
-0.0001232463829396216 0.0001916750206158519 -0.000111903177819703 5.408121896935469e-05 2.810852200736445e-05 -8.17616086497237e-05
-0.0005042737172527181 0.0006914996899215336 -0.0004378930160945653 0.0002235738900879661 9.083247908820827e-05 -0.0003219035936962922
-0.0008061040950561284 0.0009564040077767841 -0.0006556589412611722 0.0003492942101425724 0.0001109996884923732 -0.0004832890728382288
-0.001375990165294865 0.002062389178991867 -0.001303077136797309 0.0006690908421391567 0.0002703744103534892 -0.0009635398936045707
0.0001005109359472495 0.0002133387230798398 -2.876875457454801e-05 -1.608596466555874e-05 5.987849161093127e-05 -1.926928606978231e-05
0.0002561509836114683 0.0006173475023886655 -0.000101929929934166 -3.113174734927117e-05 0.0001675474173506868 -7.033037208133474e-05
0 1.827131537270363e-05 0 0 0 0
0.0003913130181039824 0.001276497402724313 -0.000256344292588723 -2.896180531172831e-05 0.0003327847118374935 -0.0001782773132414708
0.0005455837059652731 0.002491473211833491 -0.0005765146645964783 0 0.0006287820804788228 -0.0004032000862473004
0 5.704917970516702e-05 -1.464128280994385e-05 0 1.400149659524011e-05 -1.026195938763776e-05
0.0003901167969346248 0.002954198160556911 -0.0007963860468864756 9.393701441222856e-05 0.000710255245505628 -0.0005641878562589967
0.0001782278763985253 0.001585419274652413 -0.0004276310850198267 4.882533006672286e-05 0.0003816852723572697 -0.0003011663265454874
-0.0002190453268546575 0.004294370019858017 -0.001445383640220159 0.0003640109394384618 0.0009458916027424344 -0.001032705053809559
-0.0001696327136069358 0.002509485684208918 -0.000854783743862284 0.0002190075407521555 0.0005514557482427407 -0.0006099665525248441
-0.0002526179545173455 0.001467038660712779 -0.0005552321252164004 0.0001716564856522299 0.0003059908771913736 -0.0003973855160716548
-0.0004588619269124648 0.00271371424712195 -0.001034963857850625 0.000324395124632545 0.0005639811674270725 -0.000742143041029627
-0.0009309015875793889 0.004047223742286036 -0.0016538894567119 0.0005724051244688671 0.0008086762694608262 -0.001190844582490244
-0.0005695655091686998 0.00253819818270974 -0.001038094862905874 0.0003609299768343992 0.0005060747344658371 -0.0007485046165628086
-0.0004666772328211901 0.001828879056585732 -0.0007699755224622684 0.000276658223612082 0.0003588365131854307 -0.0005552884505738615
-0.001022010881709218 0.003938369396253625 -0.001684770377508398 0.0006214088757201673 0.0007620579981245877 -0.001219251946083885
-0.001209908271522945 0.003539151197273409 -0.001635930244667314 0.0006575620490174909 0.0006477328472228362 -0.001188520944075259
-0.0009220030023831466 0.002209206188842817 -0.001083831224423872 0.0004593292505394571 0.0003859472039923802 -0.0007879121615984957
-0.0014571047746727 0.002825533720636526 -0.001503693316585729 0.0006812367467927952 0.0004592998193490821 -0.001096465399939144
-0.001209725732757927 0.001959548476808201 -0.001144031898294755 0.0005556650113691166 0.0002876547873232633 -0.0008390398569412196
-0.003647278903481907 0.005198323182968263 -0.003219198252017797 0.001622530322778565 0.0007068680255718752 -0.00236549746760767
-0.002521884516873591 0.002864381656586434 -0.002025646399762665 0.001097359399195149 0.0003152874894727915 -0.001496819935416487
-0.000120976587388952 0.0001032668041225985 -8.484082427108946e-05 4.889881434751025e-05 0 -6.2731893351486e-05
9.855937113002929e-05 0.0001504116706905234 0 -1.952726728188091e-05 4.536247320939756e-05 0
0.0003747495867329483 0.0005920141193890077 -4.850601858872477e-05 -6.889731615363198e-05 0.0001756604674084291 -3.093871838238532e-05
0.000167454147512864 0.000715651081623614 -0.000163860142895655 0 0.0001808223231329784 -0.0001149071244932572
3.692298793418812e-05 0.0003217612909591201 -8.65284364665202e-05 0 7.751263022919618e-05 -6.100787899730212e-05
-3.612624491838828e-05 0.001575744903190883 -0.0005097855447111722 0.0001170678599512286 0.0003538662158707919 -0.000363368494135046
0 3.21207916742615e-05 -1.254533193405049e-05 0 0 0
-0.0002252561130819239 0.001014586456213773 -0.0004155552717379408 0.0001449918966989704 0.0002019879698849117 -0.0002998159197962206
-0.0004156625707661576 0.001602455886860633 -0.0006680908763793558 0.0002367977379293057 0.0003159358804977912 -0.0004806460212186878
-0.0002612789346261138 0.0007910348921670822 -0.0003546699926718553 0.0001369839974061924 0.0001485850099596947 -0.000256230404157097
-0.001411197999336614 0.00422823131593851 -0.001924660450295796 0.0007612872933578872 0.000782416098817008 -0.001396004752158068
-0.0001486110121344874 0.0003176363324640635 -0.00015994959244731 6.925602781671948e-05 5.41854289857257e-05 -0.0001161560482853217
-0.0009926843587351047 0.001984159665255457 -0.00104277768383955 0.0004687138551183011 0.0003258055382817354 -0.0007603277966431494
-0.001072847897485239 0.001623226632676726 -0.0009562324664165203 0.0004653504451824465 0.0002354396355869615 -0.0006989111070148964
-0.001820310998977348 0.002395125996047815 -0.001554563745678899 0.0008049230117150786 0.0003052711131211207 -0.001144669070744261
-0.002418126738006733 0.002720837496776109 -0.0018886827635603 0.00100890052618115 0.0003099160312493748 -0.001388777446273398
-0.00100102759858738 0.0008062835853314221 -0.0006950256404312657 0.0004093465753225977 5.112659676953999e-05 -0.0005157262117417899
-4.188189795306921e-05 2.635614961394765e-05 -2.686425654171333e-05 1.67587454639975e-05 0 -2.003140120544163e-05
0.0002373316997969858 0.000307162168497947 0 -4.773775963736798e-05 9.561932473188221e-05 0
0.0003948135561598499 0.000597437497748019 -4.090424210374807e-05 -7.646575616132577e-05 0.0001802083551715868 -2.488414742614847e-05
0.0008641444379510164 0.001299792412867299 -8.274445434153743e-05 -0.0001723960808297396 0.0003946254102617927 -4.867080160011947e-05
-0.0002593507010464586 0.0005691499410270691 -0.0002868247341664461 0.0001249371211166892 9.668157042944059e-05 -0.0002088015249098279
-0.0009370103755597117 0.001643320798524004 -0.0009162618635055508 0.0004327147430927177 0.0002521927120398439 -0.0006706744307428537
-0.000458505157642141 0.0006500002386565335 -0.0003967681066369758 0.00019799733859138 8.978239332933426e-05 -0.0002906649987055136
-0.002181634690400267 0.002452285712791409 -0.001702770128302863 0.0009117841887208477 0.0002793985451238488 -0.001253607086050394
-0.0006284040927087887 0.0005323498333819523 -0.0004363251427685457 0.0002514791517690987 4.048349430534667e-05 -0.000322531347683792
-0.002239758840112253 0.001723801308738637 -0.001512561473057564 0.0008959598781616768 0.0001012543516936793 -0.001121611583358999
-0.0005142632987047338 0.0003086697209529333 -0.0003203606514978688 0.0002003876621385648 0 -0.0002384081364794133
-0.0003469820790472721 0.0002154037713358065 -0.0002191321546065646 0.0001366206348863978 0 -0.0001631737185757847
0.0007434406986112672 0.0007308920387575796 4.120232200295224e-05 -0.000164265044156651 0.0002471596261439987 3.596188188185492e-05
1.183654337313103e-05 1.398812566519797e-05 0 0 0 0
0.003051170562254938 0.003524888702277329 -1.719151134204982e-05 -0.0006213070840528807 0.001129037587289331 1.184791187296554e-05
0.001849648135460671 0.002171878674432443 0 -0.0003896991059344014 0.0006977409086241574 1.41646159626043e-05
0.001002924036285623 0.001153634548528675 1.639906781086979e-05 -0.000224235242769783 0.0003774221362502287 2.351594419566524e-05
0.002176701680283183 0.002845462769037355 -7.430132003866822e-05 -0.0004614134203264787 0.0008957088253155251 -2.758695875509339e-05
0.0002307740334569582 0.0002972965382576893 0 -4.914046034619958e-05 9.405799074593753e-05 0
-0.0004974119802100699 0.0004703445690540498 -0.0003596458336226673 0.000202022160039273 4.298456446851281e-05 -0.0002655645915152375
-0.001760179456561816 0.00135317420004551 -0.001167363643042556 0.0006860800028111072 8.462192218849744e-05 -0.000863045083130768
-0.003418612554734611 0.002142380105731671 -0.002141436545118113 0.001324661803403591 4.673564293868347e-05 -0.00159204593060364
-0.002805695153112632 0.001536310185314913 -0.001726232884763398 0.001109159676110926 -2.606093647811523e-05 -0.001291450771515193
-0.001812930050737687 0.0007805484613859649 -0.001041158313254846 0.0006962133256755646 -6.308694761427092e-05 -0.0007804664060395172
-0.0001536228968834074 5.573346583119475e-05 -8.574047662525393e-05 5.91210017475691e-05 0 -6.452655534235312e-05
0.001003596288106021 0.000902142086157876 7.997765481455735e-05 -0.0002256995398720903 0.0003144191625191597 6.557911930188471e-05
0.001108295991806579 0.0009764120498366354 0.0001060456829976097 -0.0002619612191015399 0.0003470735907308757 8.738651732145018e-05
0.002197302667268925 0.00197445217895677 0.0001860079044545368 -0.0005063858977721711 0.0006939152097615866 0.0001540915884472176
0.00262407355559505 0.002545787198701392 0.0001690519831380093 -0.0005989230951854883 0.0008739124380544336 0.0001478998258293752
0.001837560303316017 0.001884211175986076 8.401666908726048e-05 -0.0004096245767667756 0.0006335743043201366 7.84280592428905e-05
0.001132646267953072 0.001168421064893345 5.518215894625453e-05 -0.0002578092736177716 0.0003945386167751879 5.200696010073392e-05
-0.0002352344505618541 0.0001463711652080102 -0.0001455056492150921 8.991219056562417e-05 0 -0.000108004993040793
-0.001548845469235763 0.0007966379918160409 -0.0008985828050557184 0.0005744042734564682 -1.52382754936045e-05 -0.0006675447441618584
-0.002209280325162523 0.0009546445377940672 -0.001258238877636322 0.0008385688315880063 -7.357028758481893e-05 -0.000941716983256867
-0.00386385623639528 0.001093532374938935 -0.002025060327063562 0.001434883054760526 -0.0002615258196753605 -0.001524363549147041
-8.987909610861999e-05 0.002225792132894634 -0.0008493510422540147 0.0002844215751909614 0.0004523878000629488 -0.0006253498256687658
0.0003770056120290166 0.0002774208440163469 4.942598482186088e-05 -8.907280828964561e-05 0.0001042693350761305 3.849893387158492e-05
0.0008888933870760524 0.0006531887904531807 0.0001248809832543762 -0.0002182591385706815 0.0002491910652053217 9.836953804808515e-05
0.003683356107543551 0.003065527005668442 0.0004072105958355095 -0.0008829633230972876 0.001115301798676088 0.0003295411533233725
0.001745327227450174 0.001397203803763987 0.0002032763790399722 -0.0004162824681155449 0.0005137549483649025 0.0001626405385209701
0.002686158402358962 0.002228543092770332 0.0002969053478190652 -0.0006442909551398702 0.0008123031486801146 0.0002408472197676075
-0.001778156746907807 0.0007361771068852382 -0.001014615364879198 0.0006857632301747065 -7.260796823279599e-05 -0.0007620760158835637
-0.003409026208019983 0.000683407500933087 -0.001694813405693909 0.001246048036992374 -0.0002959505365018105 -0.001279419600574056
-0.002770008266586701 0.000301829039573027 -0.001307571131819899 0.001007353319955562 -0.000302607197451025 -0.0009931900301009377
-0.0001024241741873367 0.001084965787364554 -0.0004241563447731412 0.0001450508311997354 0.0002181364692082115 -0.0003106122512379737
-0.0003025585835196588 0.00370358614140135 -0.001428838159235632 0.0004795314630685558 0.0007511146802490391 -0.001046202566626421
-0.000371497227657905 0.005327540075511054 -0.002056936432567327 0.0006951159376742805 0.001078013491972897 -0.001510154181473493
9.598920106626905e-05 6.130083140093926e-05 1.473848883341313e-05 -2.258472590737575e-05 2.417719414412057e-05 1.12008860634746e-05
0.0004750890141026344 0.000276606367110367 8.65636387065291e-05 -0.0001183960039003229 0.0001154545512906628 6.597760873285013e-05
0.004505668784384031 0.003195516263315219 0.0006192667840580708 -0.001066062078621932 0.001218551096331447 0.0004792766144981064
0.002701549109550808 0.001744200833097274 0.0004614259244178733 -0.0006860378183362424 0.0007054688183416132 0.0003586226460651616
0.002285789026413127 0.00120224083346903 0.0004600711822971095 -0.0005844451002280835 0.00052997316265167 0.0003503800042998
0.002998389213667195 0.002113767994980604 0.0004382483654737923 -0.0007346959983583033 0.0008184533891573895 0.0003430660385971859
0.007312569675408047 0.005277206825934079 0.0009216223756720068 -0.001682291404376578 0.001988558008096248 0.0007120427158667502
-0.0008553331507801667 0.0001069747870522082 -0.0004108993335704376 0.0003144975561360365 -9.168906439004833e-05 -0.0003120849298878686
-0.00182798561227463 -1.230675703714321e-05 -0.0007930783619118312 0.000648744247385102 -0.0002479308594739925 -0.0006056026632615104
-0.003925059049974317 -0.0002189478306584573 -0.00165503626271389 0.001393494920157533 -0.0005802559069749922 -0.0012698024866506
-0.00340879140953995 7.360627840617233e-05 -0.00155610789652443 0.00126194505041425 -0.000456271578131894 -0.001193941937197752
-0.0005257871204595846 0 -0.0002348195970287466 0.0001928867440651744 -7.315161857706665e-05 -0.0001802534829240472
-0.0002195809343602708 0.003037790969758117 -0.001187978190206856 0.0004112640238326758 0.0006090575920846665 -0.0008745953906803666
-0.0002507699758016523 0.005953506295278913 -0.002197840561219062 0.0006918988676696363 0.001236389495372867 -0.001607344814087311
-0.0001201868442962948 0.004801986501728125 -0.001723964912304312 0.0005157081768795715 0.001013211177630275 -0.001256879937463582
0.004840281812193437 0.002560074870160764 0.0009370374138906483 -0.001199445292334684 0.00110872865687156 0.0007070177033101333
0.00218045906967796 0.0009874014200665195 0.0004868139769555208 -0.0005644197821694828 0.0004677142962373658 0.000367146946684733
0.00395782223939243 0.002102609642952628 0.0007748264567719067 -0.0009933542858349079 0.0009137575180248734 0.0005875230396309589
0.006587031303169289 0.003396355705513769 0.001299795091504549 -0.001641929752244855 0.001495387650685402 0.0009811189367211696
0.005220855004720864 0.002658381504434935 0.001061773689612347 -0.001325807327032819 0.001185243855978401 0.0008053039114239378
0.002795836940052821 0.001357708939662896 0.0006082813258717535 -0.0007324722844401908 0.0006261091932772476 0.0004631861122840233
0.003036513441694312 0.001552516504901871 0.0006112653291406989 -0.0007679938794774144 0.0006901302462974746 0.0004638055122867502
-0.0004558225244240993 0 -0.0001990999640200184 0.0001638711889902498 -6.368323226830461e-05 -0.0001523989815595463
-0.001613324619877457 -0.0001719951753915104 -0.0006562157216395737 0.0005687474053695573 -0.0002581095340049836 -0.000504937549238533
-0.005558089979865199 -0.0006909339933467248 -0.002275966940528556 0.001999044458507992 -0.0009265437805632999 -0.001761521535895195
-0.005775478591325317 -0.0008963598508653445 -0.002319112582550731 0.002073412256686211 -0.001003979380553713 -0.001799280644022734
-0.003787943917665853 -0.0005707324851392955 -0.001552329027366812 0.001386386324642692 -0.0006639440926409973 -0.001207531416036706
-0.003116188614428611 -0.0005454976128389806 -0.001231032054838518 0.001117119328911901 -0.0005576112356405787 -0.0009576909872921224
-7.409308955500254e-05 0.0004198323679223483 -0.0001798736610125814 6.922931084346337e-05 7.95605186206162e-05 -0.0001324353173799645
-0.0005401605893788172 0.005364431326023718 -0.002098559035706633 0.0007167993746176454 0.001081455923621245 -0.001536481868920703
-0.0001646540781630859 0.002906370611244583 -0.0010776411194967 0.0003385168616257689 0.0006036790026099833 -0.0007856725857249935
-2.498204126659173e-05 0.004634493098385175 -0.001665645416013768 0.0005049918996395962 0.000976035309283546 -0.001220306785863255
0.0006836066933292311 0.0002942152427201098 0.0001502991844010478 -0.0001713162345844681 0.0001403521987932206 0.0001123374647755045
0.003666284452089045 0.001381355958287676 0.0008843582441776249 -0.0009477329214005112 0.0007158273843053893 0.0006603218657023295
0.005111201414439019 0.001812199402852122 0.001296184680992556 -0.001356388200703862 0.0009829419890612467 0.0009713906524349181
0.00448561573205896 0.001711527894388148 0.001108099664803835 -0.001190374759892347 0.0008924641975390357 0.0008332887047821333
0.004840945910223422 0.00168919727536791 0.001227459814850596 -0.001278764307947411 0.0009209615205912589 0.000918626289381566
0.002758753459413391 0.001113196544004132 0.0006589091253124855 -0.00072430261046568 0.0005602944677051501 0.000495683711606699
0.002776883182783644 0.001140569879398515 0.0006368396165252677 -0.0007113249570748112 0.0005640615395000817 0.000477454815707276
-0.002182831971105139 -0.0004411929257773547 -0.0008167465036096169 0.000752238954221621 -0.0003974440229722774 -0.0006321521408060713
-0.006108455023804702 -0.00151291476939861 -0.0022706466249688 0.00215436997999274 -0.001196149399365547 -0.00177327466840666
-0.009910123697059559 -0.002674994526319539 -0.003540561276687563 0.003407795478504462 -0.001959566327521825 -0.002761298089555224
-0.005411271249619655 -0.001505598006498097 -0.001969605512886013 0.001907230279511961 -0.001097355281039259 -0.001543881701189927
-0.006765596242061545 -0.001694751487249017 -0.0025649858153101 0.002438563038641619 -0.00134174202129833 -0.002012673764216008
-0.006896663120542004 -0.00262503970642501 -0.002273560411863321 0.002371658580899544 -0.001548847036556523 -0.001799549771373577
-0.003213676866313914 -0.001238374382845417 -0.001096239865748368 0.001146304421146533 -0.0007414334324343288 -0.0008735591400881272
-0.0002439096645966572 0.002158224172548913 -0.0008603259555028544 0.0003033593208652939 0.000428766284712981 -0.0006313594778418972
-0.0003506618573312778 0.005389194835684381 -0.002038789019269838 0.0006654096478521896 0.001106066419157813 -0.001492129325552053
-0.0001782946331734874 0.006288709335026773 -0.002297065233526512 0.000712460559303587 0.001314799969869082 -0.001681298271070541
-0.0001059195649580722 0.001896311059140682 -0.0007191632991717905 0.0002376162626539076 0.0003864881271241459 -0.0005275561471765947
0.001105673127138136 0.0002628155934854694 0.0003140443627473949 -0.0002953818705093813 0.0001801813437988738 0.0002329930622502798
0.0006373319875140511 0.0001371736596384122 0.0001833864533149536 -0.0001691912182403902 0.0001001927499993197 0.0001354730066499865
0.005139985245445206 0.00133164968470538 0.001410512472988407 -0.001352085153521379 0.0008608935800537141 0.00104406162320066
0.008496933721864389 0.002227741470445477 0.002354379861599539 -0.002263940755108594 0.001441619726434773 0.001748095898795782
0.007634699348781276 0.001908394900001542 0.002187013539771405 -0.002079246229976101 0.00128588741646703 0.001629298565962741
0.009632422406348033 0.001954796370838805 0.002884233856055401 -0.002639569286944345 0.001517201907638201 0.002141683127531407
0.007826988844022215 0.0019093555970365 0.002264090434112416 -0.002142883022301663 0.00131020743924718 0.001688024058482694
0.00395930801406178 0.001065701644204836 0.001102439613384225 -0.001067739146306265 0.0006816750340688875 0.0008220006268170973
-0.002358709833179398 -0.0006956445972963073 -0.0008502146429745863 0.0008347586605123135 -0.0004939976178482184 -0.0006678306970939619
-0.005577176451296261 -0.001991463029510996 -0.001901464073324401 0.001950592796492512 -0.001242403799324556 -0.001503202731762273
-0.008061983178510274 -0.002767101500889305 -0.002707056108944506 0.002757531173008573 -0.001746921881688196 -0.002130123635551237
-0.004651558290917095 -0.00179863872240719 -0.001544265147559143 0.001622032805422328 -0.001070442694376777 -0.001225449040981317
-0.005683418766150296 -0.002272479368485383 -0.001843764366442531 0.001956903663803388 -0.001314200262590811 -0.001463407177209845
-0.009377795734567748 -0.003375440124444472 -0.003178896012638586 0.003269888294941981 -0.002082601575984771 -0.002516447156655088
-0.006514448479189444 -0.002656405417694596 -0.002134951792782306 0.002276939393880895 -0.001524942034048824 -0.001702395618720339
-0.001139060330799532 -0.0004328633660149983 -0.0003960922029494638 0.000412751339005885 -0.0002647495945439197 -0.0003160116242647838
-0.0004621400815998548 0.004751112067555531 -0.001856709455165409 0.000635412433562899 0.000956794497317094 -0.001360575760305667
-0.0003680441259764394 0.00884223012999275 -0.003240341360612489 0.001008431795004794 0.0018455701765601 -0.002368679479673314
0.005680875335647764 0.0006594880724241565 0.001801822931320904 -0.001539752277917412 0.0007647817573796702 0.001325699533347243
0.005622387306758481 0.0004015709880099725 0.001848100333303418 -0.001528194020819106 0.0006966025378858389 0.001355684906536968
0.007683452219074763 0.001303266794195649 0.002271088030736293 -0.002021309081117581 0.001117034897890767 0.001667888037795465
0.008480171449449904 0.001247808073057118 0.002637118504155935 -0.002307119683570058 0.001210427011509239 0.001945618731410713
0.008281289782057184 0.001459657526130746 0.002526729116907913 -0.002260643647799077 0.001242149685785108 0.001870248701953093
0.007421389600916101 0.00110377050842989 0.002339101424001983 -0.002049934473242033 0.001070050709220665 0.001731436134298232
0.006658081432627415 0.001182118327503482 0.002014429425568699 -0.001805188388868167 0.0009952896556342638 0.001489928471934905
0.0001135362821744177 1.202852999070698e-05 3.61178769591682e-05 -3.06818687406213e-05 1.491937411153259e-05 2.656228510026911e-05
-0.001431116105083855 -0.0005710930955895447 -0.0004850642800826585 0.0005132653299924706 -0.0003408473631361393 -0.0003868570488238939
-0.00483630148969188 -0.002157141290468541 -0.00153270556706224 0.001688628722429069 -0.00119201550781314 -0.001226794529976097
-0.004679464310331848 -0.001976890451224216 -0.001481773234843957 0.00161080178815181 -0.001119821497826088 -0.0011803931389433
-0.003026284760207676 -0.001305465982399954 -0.001018651392037895 0.001102642321443422 -0.0007479864793550975 -0.0008194387968461572
-0.007596068174720312 -0.002930740015541155 -0.002608181059977644 0.002731096515140935 -0.001770302851705304 -0.002082001130344967
-0.004252287711681837 -0.001658544509293772 -0.001429904723118229 0.001505435553982402 -0.0009876864352042223 -0.001139063932448955
-0.0003930844546756657 -0.0001319522470471556 -0.0001382332221589697 0.0001400448810531967 -8.647835806614819e-05 -0.0001094056734009561
-0.0001990485698468692 0.002112492793758275 -0.0008350974300156727 0.0002921404640718903 0.0004223078759365151 -0.0006139655196835682
-0.0002460727905331633 0.003099488644450428 -0.001180215457583995 0.0003897535091034338 0.0006327290946588418 -0.0008634804018227264
-0.0001540944326442116 0.001762285665091318 -0.0006766406705512757 0.0002261110065073326 0.0003574265203280517 -0.0004949609760991105
0.0001743302253579932 2.438660103656166e-05 5.214073808711221e-05 -4.532950654563834e-05 2.381035969797719e-05 3.816773323387686e-05
0.002207122482181402 0.0001727307499140078 0.0007069274066071806 -0.0005861138255219536 0.0002717910016916409 0.0005167328372915862
0.004461611086531475 0.000113795094424347 0.001536858532441424 -0.001233009678230721 0.0005085006791024388 0.001127427384639025
0.006133337218432661 0.0006638868603976993 0.001939967849808169 -0.001647109695165895 0.0008082728671810407 0.001423871806573491
0.008628182238933009 0.0009058245908958927 0.002756963030887052 -0.002335292874859808 0.00113623171896201 0.002025308911170689
0.008504411792102044 0.0008769528607701041 0.002766478745614409 -0.002340835618605331 0.001125434445574098 0.002038456824178372
0.01023154443099408 0.001475398259897289 0.00315447738939855 -0.00275247783057534 0.00144005842858028 0.002322054652997786
0.005431688715188422 0.0002564727781671247 0.001836851863920327 -0.001493713804356606 0.0006421009143465705 0.001348291834253877
0.0006683672051410112 0 0.0002288937020569597 -0.0001807293225946887 7.125508167386489e-05 0.0001670926053599395
-0.001434916931678212 -0.001022438144728579 -0.0003438080933600078 0.0004815224447359127 -0.0004410621521181838 -0.0002856320080921426
-0.003870171846856941 -0.002780939609329917 -0.0009010297013971315 0.001280159936742099 -0.001190289972211568 -0.0007483700366257578
-0.002691244747698983 -0.002012801608668117 -0.0006229592431309656 0.0009058537921653939 -0.0008544636230970481 -0.0005219962914132937
-0.0005848018828106158 -0.0003212807483619296 -0.0001723235698524361 0.0002051629760620488 -0.0001599832731497099 -0.0001397089492952034
-0.003645074969870942 -0.001696311513767349 -0.001125707123604599 0.001257985746965962 -0.0009133050505060419 -0.0009000279403620385
-0.003710931670470276 -0.001787558874552889 -0.001137379001219318 0.001291601818437102 -0.0009508696454258713 -0.0009143694626167461
-0.003362589689870275 -0.00142657379801881 -0.001099721571750931 0.001196481409359004 -0.0008264615509803699 -0.000880824779427134
-0.003169705153981194 -0.001418431287865267 -0.00100499823905556 0.001115470707596332 -0.0007938091148236491 -0.0008061368333008108
-0.0002256388976713359 -9.301031197412537e-05 -7.487303617003878e-05 8.054777102453443e-05 -5.478421887020744e-05 -5.983935657894719e-05
-0.002428157202843626 -0.001436954621614063 -0.0006564276060020739 0.0008256239037553164 -0.0006781865389462586 -0.0005373534184931587
-0.003810255074374801 -0.001882049782508576 -0.001168936616623774 0.001335323273901479 -0.000981397815449529 -0.0009436115391604507
-0.001078643507551845 -0.0004390501231165892 -0.0003675760185623939 0.0003910520180057806 -0.0002591362145885677 -0.0002943271786331363
-0.0002346442573165375 0.005061378307561508 -0.00194653297895178 0.0006645625444097422 0.001023897011977798 -0.001437556707754476
-0.0001407449107404798 0.001344313816780043 -0.000530728560446084 0.0001855332879578091 0.0002675633649027067 -0.0003895196033162724
0.0009147026852547135 0 0.0003142407085785861 -0.0002469696963975184 9.623429010516054e-05 0.0002292980586150567
0.002491963198003478 3.672852962380867e-05 0.0008455851761116692 -0.0006709982568478091 0.0002705094565897221 0.0006172158428478407
0.00278881628484143 -7.280093177497869e-05 0.0009826373698621636 -0.0007590641513867289 0.0002772932476215184 0.0007164218792407273
0.007454356718970978 0.0002019979552168583 0.002517982031490948 -0.00201647145447566 0.0008363064419971884 0.001839937664068831
0.008941430231419946 0.0008587819484931891 0.002804838980616627 -0.00235136334830075 0.001130157555882834 0.002047257654646497
0.01067681088502494 0.0001268385484797148 0.0037404145225737 -0.002970686978094362 0.001184102675074207 0.002742801956993729
0.008746344081691299 0.0001849764726131932 0.003002798344056778 -0.002395247643946269 0.0009738589233165868 0.002197911955062637
0.008102156850499894 -0.0005898728489148356 0.00301361039926792 -0.002266179922955555 0.0007294679109333804 0.002200930707743698
2.451954961654138e-05 0 0 0 0 0
-0.002896056814734979 -0.002025270185108545 -0.0006937153463747781 0.0009653699558769569 -0.0008809303616663672 -0.0005749013404663919
-0.004476897288561188 -0.003882777514986582 -0.0008851160084117931 0.001485985600114675 -0.001546271217111265 -0.0007639695528093906
-0.003623325715573368 -0.002980392080113224 -0.0007970664616751752 0.001244422003095653 -0.00122919705810157 -0.0006820772984248544
-0.002351709568355399 -0.001388192792949643 -0.0006752252158141602 0.0008315073949194074 -0.000671141354274869 -0.0005519124368240742
-0.003242320173563035 -0.00154759031069246 -0.001006737539260904 0.001136289375534048 -0.0008313830431956064 -0.0008086083329364682
-0.002284952485020327 -0.001172012313291966 -0.0006942595818641544 0.00080752131151488 -0.0006100588271024347 -0.0005618040390177556
-0.004116742976355225 -0.00223677208472837 -0.001214915140412464 0.001455146491829656 -0.001133178372291609 -0.0009897522323925048
-0.001739789990944482 -0.000998751622550036 -0.0005044623790909904 0.0006188852532036978 -0.0004942195885790869 -0.0004130689836252434
-0.001265238035810492 -0.0006733618796271607 -0.0003791640397414558 0.000447134258413934 -0.0003401036834502041 -0.0003084078262374666
-5.152194300691942e-05 -2.306395727041333e-05 -1.655045340997226e-05 1.820216911617775e-05 -1.273405698195396e-05 -1.327523707159167e-05
0.0002588770591196277 0 8.703343566101618e-05 -6.846576603630183e-05 2.704860301477841e-05 6.330020056425545e-05
0.001844476030996375 0 0.0006263315238894749 -0.0004892199200676345 0.0001878784528498241 0.0004555243928669304
0.003346577646497706 2.251090126083168e-05 0.001124143224027569 -0.0008834106406510521 0.0003495268657510248 0.0008165865311930839
0.004762329266140417 -0.0001404211006464814 0.001633332988068191 -0.001251084666795383 0.000452581008667818 0.001182879193240828
0.008953380828797035 -0.000800993485865732 0.003370420410306903 -0.002508783196365593 0.000774073990211405 0.002459272372064755
0.01046667179671604 -0.000296821863875799 0.00379260152225237 -0.002934737561441968 0.001062941085319807 0.002777516219961847
0.01023513201601389 -0.0009299918421454194 0.003861408435505277 -0.002868756461661675 0.000878056760714244 0.002816488076249968
0.008558876965544415 -0.001181954755434483 0.003287818508451721 -0.002363298981196392 0.0006180960680150841 0.002385648972617258
0.0004554810947840002 -8.052404853790205e-05 0.0001761383960021734 -0.0001228611676580772 2.701280719397854e-05 0.0001271227164734523
-0.002294366376973674 -0.001844127877990535 -0.0004897129184455407 0.0007629038144449109 -0.0007572131029104699 -0.0004156331695381032
-0.00502299476234716 -0.003957781868726915 -0.001126644160676045 0.001701691090100884 -0.001647807825478316 -0.0009539155756820958
-0.006292986928799093 -0.006166970053745254 -0.001073038981945621 0.002089599668003034 -0.002352625492345909 -0.0009619897431218076
-0.005647349590469534 -0.005381460595892723 -0.000993036968379779 0.001875496831541818 -0.002078414463667894 -0.0008837909336410796
-0.005486239563066981 -0.003768524992773272 -0.001423759753538148 0.001921870136633487 -0.00169249008226697 -0.001185177084847913
-0.002978221759121165 -0.001653759337035565 -0.0008590778143194768 0.001037332051479212 -0.0008210499572949227 -0.0006982846204153546
-0.004117648298084277 -0.002272114519325622 -0.001177584764800631 0.001424945033872679 -0.001128977855146541 -0.0009573422813097358
-0.003593726396805465 -0.002090619482182817 -0.001059571851174038 0.001300447126879007 -0.001034508467427091 -0.0008709881338863605
0.003922974234285152 -0.000598426035120933 0.001528715002826449 -0.001094814919964329 0.0002764580567808941 0.001111367742399917
0.007116171170827319 -0.001080654065717866 0.002776072606094907 -0.001986889208873805 0.0005031435599504027 0.002017108686457265
0.003137244679530791 -0.0004964864819986818 0.001254938744757719 -0.000897532100296946 0.0002225319148273207 0.0009147120713865409
0.008260416098831134 -0.001162492801114881 0.00317376496037336 -0.002278187125190296 0.0005945137457148538 0.002301680506246056
0.01027997184762589 -0.001481617464848176 0.00405434757075195 -0.002924010535790912 0.0007612179548933607 0.002955531018807162
0.008175760158117797 -0.001786060848016754 0.003326846089332537 -0.00228469959400191 0.0004362300572795333 0.002408594999597354
0.001135256397322862 -0.0003094470364221825 0.000477261158979054 -0.000316622564972638 4.364454452429959e-05 0.0003444146902941539
-7.202070221764779e-05 -6.629594228557804e-05 -1.239689871847278e-05 2.300434051125858e-05 -2.548296196013742e-05 -1.084467216380271e-05
-0.002414200220682319 -0.002194041067100049 -0.0004474708894839968 0.0007970813653634134 -0.0008582124649585817 -0.0003914535141219739
-0.005884358016575805 -0.005271016045699968 -0.00110238274259135 0.001936836549224759 -0.002072067242427716 -0.0009604672688967511
-0.007002578331520242 -0.007327740121387625 -0.001086038825894282 0.002334016000284325 -0.002739220156892533 -0.001003003687730923
-0.00785777144402312 -0.008692576601815051 -0.001100219489222164 0.002622858202714785 -0.003197898198750952 -0.001050122830284942
-0.002189691054713555 -0.001576202755975665 -0.0005319590877881231 0.0007521497120423866 -0.0006905695429843379 -0.0004453381230157198
-0.001504432351866429 -0.0008739562454303359 -0.0004299824185897334 0.0005305913453740454 -0.000427827587509277 -0.000351902372481417
-0.004142589675910241 -0.00249332964823783 -0.001151205901012031 0.001450125074937191 -0.001194029725327059 -0.0009457124628893536
-0.003689503403885539 -0.002350213201582681 -0.00102519217489367 0.001322698639114905 -0.00110759572529725 -0.0008503214568294543
-0.0004260936958421393 -0.0002924076256625258 -0.0001101066923567362 0.0001498193896935446 -0.0001321733816033545 -9.195139666108019e-05
0.003616088380781466 -0.0004641649008268743 0.001374484712846983 -0.0009959920976858473 0.0002711369509408332 0.0009986112969678212
0.001735723673034577 -0.0002009773018134336 0.0006310608841538141 -0.0004554360538390303 0.0001270178691718513 0.0004545950346479464
0.006039191053522396 -0.0008006803250314986 0.002238744320293557 -0.001605441347005093 0.0004274473737830318 0.001615202612537763
0.006417161983206417 -0.001467822289237211 0.002622323540899544 -0.00179224115477031 0.0003312063939533764 0.001897325381752023
0.006784075331684692 -0.001527624222801168 0.002766590834924489 -0.00189153448979781 0.0003524426487282101 0.002000910106627357
0.007135746726764417 -0.001544485276589892 0.002888916507786841 -0.00198270302763045 0.0003808672465032952 0.002089222364236412
0.006564601234022365 -0.001634282917884231 0.002712539426790523 -0.001824603523094328 0.0002941040010592769 0.001958077439914232
0.002205598005812606 -0.0007990574023951057 0.000977199361132887 -0.0006165828437145766 3.57533053546073e-05 0.000702080406885465
-0.0008630606321254994 -0.001003087219246844 -9.471786470864182e-05 0.0002735847844289527 -0.0003569816475967434 -9.442065520548856e-05
-0.004043774643619808 -0.00418437521484246 -0.0006070714870374539 0.001319214165334632 -0.001558255285961827 -0.0005595814281120215
-0.004807461814730816 -0.00476319282961218 -0.0007900946244408408 0.001582154154220319 -0.00180549899457374 -0.0007126418779147068
-0.00635078707787193 -0.006459629719328119 -0.001077584589991198 0.002161756695628036 -0.002453647489998531 -0.0009824944879718532
-0.008385928059769661 -0.01033772627285298 -0.0008790794128428395 0.002761277564311626 -0.003659068488824322 -0.000918197119758229
-0.003721621696217023 -0.003691587171111304 -0.000693355550126729 0.001315043354208336 -0.001439078518597773 -0.0006297959676962417
-0.002400131221958314 -0.001938567925659948 -0.0005444159455670303 0.0008382476093288483 -0.0008152231462981603 -0.0004668500616690587
-0.004654557837695596 -0.00301219607223851 -0.00122804825749657 0.001617015836832726 -0.001389520505116131 -0.001017152670705609
-0.005233538107504491 -0.003425318324917398 -0.001418645918179168 0.001864683977889344 -0.001588185959507269 -0.001181489013621606
-0.004198605254726187 -0.002999396636372862 -0.00110277243100811 0.00152182386217451 -0.00134609160569924 -0.0009316194112368671
-0.004609337907680412 -0.003159636492439207 -0.001231057807451979 0.001654249861283693 -0.001434377327323776 -0.001031342729577115
0.0002022720620653789 -2.395535261760972e-05 7.373054031742765e-05 -5.315652178675528e-05 1.47359162266606e-05 5.313697541101539e-05
0.001301824622013216 -0.0002179655666822154 0.000496120205557851 -0.0003482242364453661 8.105340952929852e-05 0.0003577510351929181
0.005444786919097734 -0.0009197132746211452 0.002105534190072081 -0.001483597486270988 0.0003482961891326649 0.001522697094779668
0.006348260515174156 -0.001740317216765926 0.002659539625067365 -0.001770696836489762 0.0002550303480971577 0.001919865834019955
0.01052398090804737 -0.002926205953951835 0.004442490596665465 -0.002956284827022002 0.0004200928748807248 0.003209343229319243
0.009963961512188563 -0.002372960404177772 0.004088020762548886 -0.002774589139605945 0.0004834763944928621 0.002954854641739466
0.003728141476467708 -0.001032234004277263 0.001590281021398706 -0.001057665171620663 0.0001486801689863415 0.001149765759808841
0.0001463388996746238 -0.0001824211852498488 9.844011587867142e-05 -4.274527946116179e-05 -2.912003728625682e-05 6.89880419922499e-05
-0.00166074738967532 -0.002054122919424606 -0.0001642314740031229 0.0005398948461334545 -0.0007233596244687568 -0.0001739189644825391
-0.004236780717880591 -0.004308648093905292 -0.0006699486193435146 0.001397981834700061 -0.001620613422760397 -0.0006127622727445649
-0.00674111290739942 -0.006982723184834433 -0.001053211594878849 0.002240708217519424 -0.002616827146757169 -0.0009709327771996021
-0.009891408495372693 -0.01198915289540832 -0.0009709691220817952 0.003145493845441503 -0.0042210524158639 -0.001012597853883439
-0.007648960278861681 -0.009625527618407461 -0.0007763661527338543 0.002541526777251969 -0.003394688978743315 -0.0008276937049785942
-0.003716574434341769 -0.003877154848142759 -0.000653965040834558 0.001322427011814147 -0.001488513724808944 -0.0006066518029023655
-0.003942008994222973 -0.003430111345312657 -0.0008132870218404886 0.00135674369912493 -0.001391225608145689 -0.0007097078854896976
-0.004387654475806946 -0.002739380574041795 -0.001239073265480002 0.001578557281363457 -0.001302590642349995 -0.001027118808880686
-0.008139549709668492 -0.006117818689212151 -0.001999952869194153 0.002883659155466482 -0.002652814340318904 -0.001700729580123511
-0.006901275121812104 -0.006145002441752549 -0.001390989145427578 0.002378150705720406 -0.002460809582872257 -0.001226306999111562
-0.001882630586099479 -0.001549953961060569 -0.0004528330119442668 0.0006880681182243884 -0.0006539193059702781 -0.000392044602663229
7.310745378206015e-05 -1.023024970360155e-05 2.711089755281881e-05 -1.932849747068899e-05 0 1.954364813449958e-05
0.001180104159389708 -0.0001982692740757325 0.0004524885960184615 -0.0003180880844221076 7.450333316887812e-05 0.0003266821103063184
0.0008753043170395502 -0.0001183453371674383 0.0003183819331085324 -0.0002262843093390258 5.875361076239838e-05 0.0002285738287492728
0.003523910480407334 -0.0008506969879262133 0.001428435509655187 -0.000964362341763481 0.000163217847765344 0.001029861550493579
0.003744199216056742 -0.00095841569936098 0.001539142807135202 -0.001032421359608668 0.0001624714402852615 0.001110304141093973
0.005245055845112047 -0.001224554950800852 0.002074041053142826 -0.001394187114424805 0.0002368098320738405 0.001487854175572071
0.00626623257286817 -0.001964271702008502 0.002686619557411953 -0.001746713178716154 0.0001860321411993149 0.001935105365533517
0.00640106613862305 -0.001769696957740184 0.002664504841927309 -0.001761312340342694 0.0002384747177455714 0.001918242654026961
0.0005267341302364686 -0.000191075352915098 0.0002297801777767147 -0.0001439667340585278 0 0.0001645355282911556
-0.0005388597881393259 -0.0007788399908727846 -2.479005082950384e-05 0.0001740711194559488 -0.0002626566772244196 -3.738604034263156e-05
-0.00333998129131466 -0.004253887022870109 -0.0002884088377679145 0.001073721381125768 -0.001481143779026654 -0.0003192232247355308
-0.004719219705354612 -0.005230847177325194 -0.0006681202423498748 0.001587680788826543 -0.001926542535316447 -0.0006405546075073669
-0.007035079054514966 -0.008205610139082187 -0.000770436840749804 0.002241041375119722 -0.002924754210630171 -0.000773720248589978
-0.007743241304216506 -0.009012028052208961 -0.001021651496747619 0.002626102629987523 -0.003271650811285612 -0.001006917268100862
-0.00683028227022086 -0.008597008306075319 -0.0006982952037409144 0.002286490286190468 -0.003043676472358545 -0.0007492424342513817
-0.002524747974853681 -0.002888214988910185 -0.0003749655596338666 0.0008917273778880039 -0.001072748084501152 -0.0003650492847385786
-0.00300398490858642 -0.002814921284462782 -0.0006127444814329538 0.001076550219096009 -0.001126210555886688 -0.0005481496406088373
-0.00673699174592138 -0.004836520199564021 -0.00172266469884802 0.002397459118503276 -0.002143608965009498 -0.001454314087906919
-0.008859118816142318 -0.007037241971327357 -0.002053102772875764 0.003102771326197654 -0.002962937941087383 -0.001761153658662856
-0.004189349688181954 -0.003629368089678751 -0.0009290748491997112 0.001500626993606933 -0.001488949979209763 -0.0008147087847880752
-0.003496032968738855 -0.00248663191461013 -0.0009629292227958118 0.001304335249540572 -0.001125399177645267 -0.0008160488853564642
0.002376845168705957 -0.0004214717776005327 0.000923158064439755 -0.0006462699605680334 0.0001467798738833475 0.0006670303058536218
0.003058779659719529 -0.0005395889839081306 0.001172935983690507 -0.0008183048481981527 0.0001847524335002095 0.0008450195580646697
0.001372513397193475 -0.000253986832733579 0.0005295184079704901 -0.0003678745269878776 8.021152742091393e-05 0.0003815988321114739
0.0004097068698357633 -9.202899800860998e-05 0.0001642998181455626 -0.0001118499252779872 2.045870447220343e-05 0.0001185121157837875
0.0009466362051350171 -0.000265177121672655 0.0003940143331794222 -0.0002600867970728876 3.493441166847049e-05 0.0002836506124944314
0.002636557390892755 -0.0006602402805416451 0.001070614406174126 -0.0007168192037814467 0.0001139112311153272 0.0007703949355400366
0.00415733473153946 -0.001449787429007387 0.001794740563797787 -0.00113909776870919 8.21287896234466e-05 0.001286917983265682
0.005199246095756702 -0.00189863586631062 0.002317597164759187 -0.001473242623652047 9.774902739902387e-05 0.00166998763767248
0.004396244755004775 -0.001569687896312063 0.001948212497103687 -0.001239301052586075 8.571271650483736e-05 0.001402530827300734
0.002281385866106516 -0.0008214541922478541 0.0009968745123307026 -0.0006271438525028433 3.556767707961155e-05 0.0007144569821011599
-0.002455521531712659 -0.003291373769292059 -0.0001886862584446523 0.0008088117440156582 -0.001139616751975104 -0.000224739136180775
-0.006220232670696944 -0.00834823088235246 -0.0004193465727970354 0.001992348133802722 -0.002864924592637142 -0.0005171575983435611
-0.006777745595800955 -0.008670757267918446 -0.0006352983210920009 0.00224198667612792 -0.00304148684162319 -0.0006990411969532766
-0.005847370900074587 -0.008313699811034263 -0.0003512825876619278 0.00193934348852076 -0.002834593179920349 -0.0004749105829972081
-0.004880321797842777 -0.006745998072222657 -0.0003873589608279375 0.001670842179271858 -0.002343252003595192 -0.0004716195417530955
-0.003576120744363311 -0.004537091457274016 -0.0003929098796852982 0.001238305711140843 -0.001622056467341946 -0.0004215642897479532
-0.006016876377040801 -0.005519904820351844 -0.001215456457293039 0.00211550097301008 -0.002207541989685892 -0.001081003484036509
-0.008798194485267793 -0.007040150990970734 -0.001992436938552836 0.003058604801123283 -0.002951174487068685 -0.001714836507067666
-0.01002293493523383 -0.008259866812857104 -0.002141269670334319 0.003415981386945177 -0.003392843879487341 -0.001852377507239798
-0.006410024303088029 -0.004738868038836246 -0.001644970386099113 0.002322942444284516 -0.002085479581005823 -0.001401233417528347
-0.003053850782115428 -0.002073801185181377 -0.0008205769093602223 0.001097738997769998 -0.000942607735192545 -0.0006889760078350825
0.001352194662570164 -0.0003791842154430128 0.000565716203972438 -0.0003739526526391129 5.102586050035685e-05 0.0004076488873568842
0.0007924488557314089 -0.0001804924028175239 0.0003167215200126125 -0.0002145845492299994 3.845905641923752e-05 0.0002280109742922504
0.000814278339778461 -0.0002216842490272309 0.0003343156810567806 -0.0002208678456442183 3.070265844448586e-05 0.0002402440213623987
0.002939763734063607 -0.0008630820549503897 0.001224179705336726 -0.0008002047914485958 9.71828987448749e-05 0.0008792403917462191
0.002954687373667535 -0.0008717305791289847 0.001240946518068792 -0.0008124391528374406 9.805608694350305e-05 0.0008928409867259252
0.004917957122365534 -0.001798976999535144 0.002138613763073407 -0.001342357472362161 7.424823303197192e-05 0.001531073352485689
0.006748568191903558 -0.002515815901769817 0.002973500348238231 -0.001867368270526697 9.866690016778536e-05 0.002132875660783202
0.007306046179019591 -0.003050330441792603 0.003347743072547813 -0.002064582157435502 3.854557409430666e-05 0.00240361213349941
0.007607043262987638 -0.00334372492908865 0.003521923025513321 -0.002142304796368364 0 0.002524625159740323
0.0008106656463837271 -0.0004768762357585977 0.000407262377596778 -0.0002295370333411832 -3.161007962074238e-05 0.0002901598614493021
-0.0005977324393394971 -0.001098409553632715 2.565952925965955e-05 0.0001986256095997093 -0.0003531344432470206 0
-0.002211659797233439 -0.003745163151662606 3.284255069688627e-05 0.0007197358204934563 -0.001219940017522131 -6.798508852796593e-05
-0.003607008208405879 -0.005477628208488174 -0.0001148434933638854 0.001187268248987777 -0.001837501046529861 -0.0002245321452280945
-0.00431031267781897 -0.006607080887486448 -0.0001970892836129605 0.001486864180823537 -0.002232531085981484 -0.0003254684314677708
-0.003881255689190445 -0.005638003955465171 -0.000263079437265624 0.001352436965400065 -0.001941380809888954 -0.0003526536528625087
-0.002286481341486217 -0.002905382956863966 -0.000333451596665783 0.0008717269196637281 -0.001069464425093476 -0.0003436601105002299
-0.003646367153026969 -0.004417454713070577 -0.0004676530913013282 0.00128059919662628 -0.001610088923875508 -0.0004790090095197733
-0.006403077264119422 -0.006363590563039775 -0.001102529377739596 0.002190520927065771 -0.002453044920869933 -0.001011358170874634
-0.007410331668214165 -0.006536063462646281 -0.00152748216753607 0.002575872974381479 -0.002640049914811732 -0.001345863349765649
-0.01033786958742863 -0.007416953815452668 -0.002700816719709072 0.003748511545194492 -0.003312504013454783 -0.00229450940939922
-0.007018319440543573 -0.00516089473528157 -0.001741362399519546 0.002489746547831628 -0.002261111494851674 -0.001483218787073284
-0.003187012042187446 -0.002140707014023601 -0.0008553282216311602 0.001145217467287914 -0.0009809147377972496 -0.0007194133240520751
0.001639483910300517 -0.0004083112520828712 0.0006601125855769645 -0.0004413809617536925 7.071015458533878e-05 0.0004743761462657145
0.0005467788741726119 -0.0001336116934588923 0.0002166647439470687 -0.0001444365344660312 2.310480836504097e-05 0.0001551996874102089
0.002059412947066061 -0.0005823156611133415 0.0008474869854627227 -0.0005567289796005906 7.217854966727323e-05 0.0006086441195231702
0.003039551864424411 -0.0009134033373256552 0.001270943491112 -0.0008264004608095542 9.417894683353609e-05 0.0009121965712865948
0.002445375708258908 -0.0007757433248883433 0.001029932790909813 -0.0006624275874784139 6.405613996687228e-05 0.0007382209372501092
0.005195541509748759 -0.002430812013416052 0.002436909701681233 -0.001462761567287153 -3.773603770385618e-05 0.001744845538477306
0.006449895665314748 -0.00318813899111667 0.00306936754544629 -0.0018199305659985 -8.811613986578339e-05 0.002196620891535493
0.007145428121477847 -0.003549998390115824 0.003378508746108637 -0.001988217422622234 -0.0001141953497899832 0.002411117067116927
0.005769996145099355 -0.002998901259738067 0.002796266188103603 -0.001636152512132578 -0.0001169043763987286 0.0019992437256668
0.002992166435189664 -0.001826858677205979 0.00150686742997991 -0.0008369133737263278 -0.0001353367691127025 0.00107076716045962
9.758949910901458e-05 -0.0002301534780302496 9.280371845324876e-05 -2.91380619242958e-05 -4.629707078828484e-05 6.391634011322804e-05
0.001707785322301382 -0.003491091844120809 0.001479532946718102 -0.0005007717193933824 -0.0006767047712985469 0.001022116643829216
0.001028334967827119 -0.001678073566342198 0.0007745079788122358 -0.0002890872365628792 -0.0003067578660888266 0.0005362938584633144
1.604299927518729e-05 -2.829142984050258e-05 1.195484260790757e-05 0 0 0
1.304167093778066e-05 -2.66379999866047e-05 1.115292735375435e-05 0 0 0
-5.632652892986057e-05 -0.000143466376474098 1.267706995629327e-05 1.832220312187226e-05 -4.321048193829654e-05 0
-0.0008848972528247538 -0.001918198003960016 0.0001147849673914304 0.0002900929203762786 -0.0005953927079135891 3.87713039834046e-05
-0.002641321663171136 -0.005345281805056424 0.0002479479180955293 0.000865975990095593 -0.001679774938831079 5.333707801522831e-05
-0.003077726886427179 -0.005380563223054459 5.706446461793306e-05 0.001031989236463517 -0.001753923278128354 -9.515934124682424e-05
-0.003005807414728378 -0.005090364796794324 0 0.001033009921299942 -0.001682670206115957 -0.0001416105768979336
-0.001637574904525477 -0.002586226873322636 -7.173702507974338e-05 0.0005852551486856169 -0.0008797927285456389 -0.0001269380202846277
-0.001581071491754212 -0.002312554822699465 -0.0001044575640555876 0.0005553802875636667 -0.0008001774413091671 -0.0001428882709780643
-0.002639088898105936 -0.003197322567744498 -0.0003473106407044076 0.0009391010036291209 -0.001173475207875972 -0.0003558302981491669
-0.00476303644652154 -0.005061368215839307 -0.000776391825716726 0.001669332141848049 -0.001926054836795948 -0.0007344131340881544
-0.006566447588196888 -0.006238392969258693 -0.001250945745525379 0.002297096209068452 -0.002464374915098562 -0.001129760466791792
-0.008604912235064842 -0.007614595446974564 -0.00178696380547919 0.003020197235163338 -0.003088837691481105 -0.001580985297708446
-0.006176485152512685 -0.004792927754264029 -0.001480857513244228 0.002203195490008855 -0.002061818931524767 -0.001274367186422598
-0.003299638830242379 -0.002447334257847544 -0.0008301766328395161 0.00118823348497499 -0.001077094490035723 -0.0007091477067821014
0.0002354192827241658 -7.569451697273919e-05 9.693164136956425e-05 -6.153732766252525e-05 0 6.907342804369555e-05
0.001881669696863877 -0.0004935954466964851 0.0007659099852745277 -0.0005087814241152854 7.501340153334741e-05 0.0005506307390035313
0.003790837538672974 -0.001409627135343143 0.001650818197182054 -0.001032554649613599 5.065833170048509e-05 0.001181856289451625
0.002853983048000152 -0.001290195781191447 0.001297641848573711 -0.0007760519081129814 -1.978188893688235e-05 0.0009250575283689001
0.003436167642708208 -0.001765944217055508 0.001634443197677378 -0.0009542245439744223 -6.864147351203447e-05 0.001166031192003904
0.004374927301568176 -0.002237379935072523 0.002075623354851116 -0.001211771577386645 -8.6153341581219e-05 0.001479986012859815
0.005072564380202834 -0.00266563440551454 0.002430074752900324 -0.001409069879378977 -0.0001174821895990002 0.001732173569250272
0.0051083296401162 -0.003285143665011515 0.00262096228296552 -0.001443993847803772 -0.0002603107909515646 0.001864368774389519
0.00234321033798977 -0.001632051728305546 0.001230353188285276 -0.0006584744617392612 -0.0001535414374290953 0.0008724756137358556
-0.000876465736530876 -0.002751157922767508 0.0003191631239823674 0.0002915309098159866 -0.0008061934004267797 0.0001716770104390225
-0.001315543787529693 -0.003111526903771827 0.0002155106508816997 0.0004500980497009334 -0.0009583779552727454 8.209981493571434e-05
-0.001218860926704291 -0.002638190884499577 0.0001453423886638212 0.0004131314143875482 -0.0008264898096679433 4.154300588161395e-05
-0.0001868687648715117 -0.0003318148967625527 0 6.480248336252203e-05 -0.0001091303716389496 0
-0.001012210054923674 -0.001624436299844931 -2.765373030349562e-05 0.0003526484154445878 -0.0005485505915146033 -6.494187241009832e-05
-0.003162714911866826 -0.004038686537162704 -0.0003334105765997085 0.001093134424604138 -0.001446614023880919 -0.0003632507455673395
-0.002786879571432155 -0.003196320834210119 -0.0003969333380198315 0.000978073018662935 -0.001189498862689384 -0.0003918192791729627
-0.004969231038585817 -0.005520727280858492 -0.0007478179629836719 0.001739802832070594 -0.002072313703161427 -0.0007246796773327538
-0.003096341280216206 -0.003295049261064744 -0.0005306277137592892 0.001110980836599839 -0.001263015554515085 -0.0005008238268150165
-0.006556642407017833 -0.00693364047921153 -0.0009614710112586382 0.00218934314711598 -0.002600318234664724 -0.000914229813880179
-0.004046463092099811 -0.003636867358365309 -0.0008215308900100482 0.00142068376958279 -0.001470466802844497 -0.0007316157507415665
-0.001689654024052416 -0.001398185428182866 -0.0003916152581558895 0.0006111421345445476 -0.0005901574952544954 -0.0003416838274142228
0.001788023684379036 -0.0006787430721091313 0.000777441581494539 -0.0004835418152283888 1.976878043441958e-05 0.0005560346436105108
0.0008616166924540004 -0.0003673338970303808 0.000386549799116405 -0.0002350513595066349 0 0.0002762699095982412
0.0004147165782168199 -0.0002165881784459798 0.0001967337065046947 -0.0001139639155556877 0 0.0001401712433527381
1.258348375330176e-05 0 0 0 0 0
0.00272635069009869 -0.001378405612447945 0.001272243398466758 -0.0007393117866355096 -5.571918086934118e-05 0.0009047741889422228
0.002857314775221189 -0.001733595588493943 0.001437180236387538 -0.0008047737948879839 -0.0001206497456961227 0.001023605568920388
0.004278777494273183 -0.002847281070105069 0.002220211782395439 -0.001213596985649369 -0.0002393786318548953 0.001579656698371056
0.00390982024890771 -0.002793297615991661 0.002063275561498463 -0.001099530527029248 -0.0002686998745960117 0.001463904978683792
0.003707819739536727 -0.003232689757760463 0.002118200290075425 -0.001058857456173983 -0.0003965045318124684 0.001497828979132301
-0.0002495042510560576 -0.0006832700243591788 6.56775908191655e-05 8.402083681137056e-05 -0.0002053234824643122 3.223188246070557e-05
-0.0003222362937587763 -0.0007640966840997383 5.665812848132683e-05 0.0001077772213673876 -0.0002353184967745012 2.338932082664017e-05
-5.320045345039677e-05 -8.963690375228084e-05 0 1.823786472959492e-05 -2.979183966999755e-05 0
-0.0009705171462013489 -0.001566612527551545 -2.150352485306977e-05 0.0003364391449652009 -0.0005284333771612749 -5.867174530217225e-05
-0.001291484810124587 -0.001627420784410416 -0.0001498496167839666 0.0004563447571116779 -0.0005909240013446035 -0.0001598286569011846
-0.002485419110280704 -0.003137939914272226 -0.0002731933936968786 0.0008661471541657586 -0.001133783964774903 -0.000295267428685256
-0.00269268922302167 -0.003260079463145006 -0.0003411036549979954 0.0009482386324647677 -0.001195554994147838 -0.0003522639211142503
-0.001492686365216228 -0.001565221938789991 -0.0002827263635727086 0.0005581035738245256 -0.0006135172755912775 -0.0002648918500357953
-0.002745602023924368 -0.003121676743331078 -0.0003934940071912224 0.0009621918305193962 -0.001163477521701335 -0.0003885320325112554
-0.001570322438954445 -0.001618911924633399 -0.0002802223377421755 0.0005636032703761087 -0.0006282142878232026 -0.0002615808697169712
-0.001312604493554379 -0.001329963010010646 -0.0002303839028787774 0.0004621254694101128 -0.000515525788604502 -0.0002139104764190125
0.0001198864703512147 -6.105947438680699e-05 5.524769342558054e-05 -3.192388657498567e-05 0 3.923460521567157e-05
0.0006920622620453469 -0.0004572751767315056 0.0003521355303149854 -0.0001910797765782947 -3.967633452428219e-05 0.0002498986703125726
0.0005982824303923513 -0.0003648035268298207 0.0002923507571331354 -0.0001606507073757725 -2.831627358250291e-05 0.0002068940057883874
0.001507916502043566 -0.00112556073519558 0.0007988981499997155 -0.0004160841883731624 -0.0001186838129323823 0.0005648595963843201
0.003666792668692241 -0.002812185138296927 0.002001903533475602 -0.001050541990616268 -0.0002935080804150702 0.001422169609065099
0.001416696209297546 -0.001161455330038981 0.0007757731266674431 -0.0003891894263952272 -0.0001392986982471665 0.0005465110200188629
0.001293550410246719 -0.001236641423509635 0.0007570437126642303 -0.0003616979492414644 -0.0001683317660032546 0.0005326242598416776
-0.0002976609120691129 -0.001652617342996279 0.000284698742714196 9.917806107554685e-05 -0.0004554828989780134 0.0001739405305109633
-0.0007010621639279413 -0.002678143614184198 0.0003712494142750064 0.0002361049820198337 -0.0007692454542691144 0.0002130195621771764
-3.993486650786627e-05 -7.430568305977228e-05 0 1.356792343633257e-05 -2.411337515483708e-05 0
-0.0004342108983868539 -0.0007090310100448412 -1.947671423644811e-05 0.0001619846541631972 -0.0002429177505234085 -3.563234066669914e-05
-0.0005620139403625135 -0.0008328220732112037 -3.699891100520899e-05 0.0002010585623338727 -0.0002897062990439439 -5.168035808560317e-05
-0.00224582022355899 -0.003361129356874517 -0.0001273822425108972 0.0007924762144002513 -0.001161339978753091 -0.0001911463218495428
-0.00218561082166153 -0.002967138723105233 -0.0001960899693218342 0.0007683286745333618 -0.001051476781536021 -0.0002326491896645714
-0.002297694063302444 -0.003074620211831501 -0.0002204457602954105 0.000810458195458081 -0.001093786445832038 -0.000255005858248982
-0.001844014126261648 -0.002250487121234395 -0.0002365703730347864 0.0006558599703186326 -0.0008229169398801499 -0.0002454766080518578
0.00143847946113329 -0.0009618122119893636 0.0007269392110759302 -0.0003904252921621984 -8.734623226923442e-05 0.0005144539000664337
0.0002717855286126947 -0.0008803956968547953 0.0003245062501616106 -8.787758521880245e-05 -0.0001872432845763352 0.0002231204511688255
8.929860454811483e-05 -0.0003389293378694122 0.0001157237496948389 -2.609227459083065e-05 -7.493040136880488e-05 7.8577985252302e-05
0 -4.32001975402606e-05 1.206658689754211e-05 0 -1.03787017176208e-05 0
2.513116137691629e-05 -0.0002680405119946462 7.37210678904911e-05 0 -6.500285032882498e-05 4.878353488698687e-05
-8.597725361882216e-05 -0.002523308103227739 0.0005643691387344732 4.816920069506084e-05 -0.0006543743294111705 0.0003609222222555047
-0.0005777741501604247 -0.002965602639088883 0.0004835190294577285 0.0002036014769621913 -0.0008288570584467757 0.0002892197140555579
-8.8007675122317e-05 -0.0001567916762465608 0 3.13297662520503e-05 -5.195180424122927e-05 0
-9.898902045390209e-05 -0.0001499507340887263 0 3.491616439214091e-05 -5.164642051305636e-05 0
-0.0006630531053521445 -0.001192966513673004 0 0.0002385737207487996 -0.0003949829889975078 -2.857513329567892e-05
-0.0004607181960048642 -0.0007388862407228352 -1.697190208275192e-05 0.0001652962744775828 -0.000251562661679409 -3.385677739528238e-05
0.0001076124395778303 -0.0004009148820064489 0.0001356214360822624 -2.96645303544677e-05 -8.917035191032735e-05 9.180950470422071e-05
0.0001445028488065109 -0.0006631051292190626 0.0002130061457800573 -3.975671795812244e-05 -0.0001514449423622442 0.0001434603308697657
0.0002657840347378682 -0.001593402250123034 0.0004769729804502579 -6.719639135637539e-05 -0.0003743258572085225 0.0003180769126210955
0.0001598956635480566 -0.00206534454153483 0.0005529574689662149 -3.5564219572169e-05 -0.0005056321585412466 0.0003644812699717947
1.429439370303796e-05 -0.0005357002015218958 0.0001328582730208639 0 -0.0001347791888873627 8.659967921753224e-05
0 -0.0001213605796910481 2.519669487856047e-05 0 -3.214811259122082e-05 1.587229714497581e-05
0 -2.692112525018043e-05 0 0 0 0
-0.0003499422268291735 -0.0006278449458769464 0 0.0001282686965987294 -0.0002089965229841358 -1.7472661766964e-05
0.000102570659631903 -0.0004069750788804789 0.0001333608549134428 -2.631168746469572e-05 -9.213810356248483e-05 8.972206434077428e-05
0.0002766059723522137 -0.001112079030936232 0.000364908227218691 -7.263724882053495e-05 -0.0002514178005515948 0.0002458220444436204
5.557942778792045e-05 -0.001384961579215287 0.0003491936482192474 0 -0.0003465994091524286 0.0002280638484877265
