24 68
25 63
25 67
25 69
26 54
26 59
26 61
26 62
26 63
26 64
26 65
26 66
26 67
26 69
26 70
26 71
26 73
27 55
27 56
27 57
27 58
27 59
27 60
27 61
27 62
27 63
27 65
27 67
27 68
27 69
27 70
27 71
27 74
28 52
28 54
28 55
28 56
28 57
28 59
28 60
28 61
28 62
28 64
28 66
28 67
28 71
28 72
28 73
29 55
29 57
30 67
30 69
31 59
31 60
31 61
31 66
31 67
31 68
31 69
32 50
32 52
32 55
32 57
32 58
32 59
32 60
32 61
32 62
32 63
32 64
32 65
32 67
33 56
33 57
33 60
33 61
33 62
33 63
33 64
33 65
33 66
33 67
33 68
33 69
33 70
34 65
34 67
34 69
34 70
35 69
36 42
36 71
36 72
37 73
38 73
39 41
39 45
39 75
40 39
40 42
40 75
40 76
40 94
41 75
41 76
41 77
41 78
41 79
41 95
41 96
42 40
42 41
42 42
42 43
42 44
42 75
42 76
42 77
42 78
42 79
42 80
42 95
42 96
43 39
43 40
43 41
43 42
43 43
43 44
43 45
43 75
43 76
43 79
43 80
43 81
44 41
44 42
44 43
44 44
44 70
44 73
44 74
44 75
44 76
44 80
44 81
45 41
45 42
45 43
45 44
45 45
45 70
45 73
45 74
45 75
46 41
46 42
46 43
46 44
46 45
46 68
46 69
46 70
46 71
46 72
46 73
46 74
46 75
47 40
47 41
47 43
47 44
47 45
47 68
47 69
47 70
47 71
47 73
47 74
47 75
48 39
48 41
48 42
48 43
48 44
48 45
48 67
48 68
48 69
48 70
48 72
48 73
48 74
48 75
49 41
49 42
49 43
49 44
49 67
49 68
49 69
49 70
49 71
49 72
49 73
49 74
49 75
50 42
50 43
50 44
50 45
50 66
50 67
50 68
50 69
50 70
50 72
50 73
50 74
51 43
51 44
51 67
51 68
51 69
51 70
51 71
51 72
51 73
51 74
51 75
52 41
52 43
52 44
52 45
52 46
52 67
52 68
52 69
52 70
52 71
52 72
52 73
52 74
52 75
53 43
53 44
53 45
53 46
53 66
53 67
53 68
53 70
53 71
53 72
53 73
53 74
53 75
54 41
54 43
54 44
54 45
54 46
54 70
54 71
54 72
54 73
54 74
54 75
55 45
55 47
55 69
55 70
55 71
55 72
55 74
56 45
56 65
56 66
56 67
56 68
56 69
56 70
56 71
56 72
56 73
56 75
57 64
57 66
57 67
57 69
57 70
57 71
58 66
58 71
