-0.002862093812903659 0.008122522610153357 -0.003521527892064781 0.001309059555353719 0.001481276294921814 -0.00249817219042125
-0.002025064948695778 0.008619386743549907 -0.003342542866921535 0.001077513906714785 0.001690014029476255 -0.002358983938208244
-0.002595118213708647 0.007758127983782052 -0.003313928299775827 0.001211733596776353 0.001429600442445188 -0.002350022325031357
-0.002435797304357319 0.006228149612531457 -0.002817801398565388 0.001102125682045226 0.001094676303197218 -0.002005484480436985
0.0001520960773999588 0.003104783468732161 -0.0008687465795872647 0.0001230028325337387 0.0007085851324099091 -0.0006012530673204129
-0.0008596654884480199 0.00711936281096526 -0.002430447870101726 0.000622248711993849 0.00150261575570161 -0.001701002138793801
-0.0005363510506503028 0.002909223357997851 -0.001061009939674928 0.000307081391019554 0.000594698712297026 -0.0007449802429803384
-0.001106201206615598 0.006217255405335 -0.002261130023415079 0.0006542568656256695 0.001269323532483073 -0.001588694491252307
-0.001779545726916739 0.009705438051843316 -0.003553444553277692 0.001041188373854386 0.001973395791186617 -0.002498173179909087
-0.002028996249906433 0.01033036732410916 -0.0038186256839923 0.00113329977934433 0.002093854047599883 -0.002684181637749296
-0.0005263296184596879 0.002171185880132826 -0.0008400925218949334 0.0002677640688038037 0.0004289462998481799 -0.0005918681733974422
-0.002067475816684889 0.007373896207765419 -0.002971198842994084 0.001003498480209528 0.001420955326160255 -0.002098391505028635
-0.002635912190192181 0.007643099536912054 -0.00327271838427268 0.001193390168781827 0.001414682915734432 -0.002318482510198277
-0.002166248822135158 0.00497523865959006 -0.002314305328200869 0.0009247313251660918 0.0008629796979552351 -0.001646660674520693
-0.007298401619733113 0.01778707430207559 -0.008145850794151629 0.003214128318150286 0.003112490931043293 -0.005796725533371848
-0.003249232677692935 0.00743816388319622 -0.003505296736566255 0.001428383112249835 0.001264511032189316 -0.002499915106084576
-6.045680488444289e-05 0.00011998639451865 -5.942095992808244e-05 2.530837354408369e-05 1.952726751768696e-05 -4.243786033531068e-05
0.0002085474961002584 0.006092178614907617 -0.001711443784048108 0.0002397122064938721 0.001397555551808795 -0.001181850326385612
-3.922073662811029e-05 0.001348303472431226 -0.0004091824586499564 7.649440495711884e-05 0.0003009135255193404 -0.0002838202984426344
-0.0002124452735113262 0.01815170708636171 -0.00549243557322002 0.001041129341999577 0.004029194894294734 -0.003821157908609305
-7.984953878351193e-05 0.0008694942610651872 -0.0002863104811124526 6.748588518444725e-05 0.0001868765645821698 -0.0001998502962126957
-0.0001170616382869151 0.001078438671176525 -0.0003600087653219243 8.70987832163396e-05 0.0002308976969222696 -0.0002512707882310421
-0.001058267923273266 0.00853535989190181 -0.002913940640388255 0.0007435867190350692 0.001805138945307827 -0.002038453558590824
-0.001348483516365762 0.009726281049154043 -0.003388006223919095 0.0009045200419250649 0.002032225305077707 -0.002374490728186128
-0.001605199878358418 0.00959307683260462 -0.003431385787546824 0.0009612860442892279 0.001979782979349724 -0.002407357649642751
-0.001168025677888611 0.008262263060840533 -0.00289040533731479 0.0007794952185123086 0.001721123364413934 -0.002026820581137471
-0.002404758490424856 0.01225407817666651 -0.004562485480982165 0.001377667435992945 0.002466861823375193 -0.00321247749309125
-0.001112329274174206 0.003793199093179365 -0.00155318998380889 0.0005367502854118178 0.000722702173053421 -0.001098427950468543
-0.001308243980503603 0.003814351700331565 -0.001640091588749399 0.0006031256822497923 0.0007014694330112026 -0.001163174280481361
-0.004964340546651333 0.01435825012845792 -0.006203354553997775 0.002292767413059346 0.002633657039632555 -0.004401002344396517
-0.001049264941011118 0.002272474327143062 -0.001085500349431158 0.0004457285107577491 0.0003847252654731445 -0.0007737022441589023
-8.701624583418157e-05 0.0001681942096767874 -8.371584447375661e-05 3.560972805751925e-05 2.750989270796699e-05 -5.973652415853928e-05
-0.001587457117954867 0.003455563088486894 -0.001671198990024974 0.0007017084831933354 0.0005691742996143132 -0.001194670992161479
0.0001647201053809914 0.00185241246997368 -0.0004812710090517435 4.230523716788861e-05 0.0004362211514349744 -0.0003304449291104908
0.0001967446453920652 0.002067093221402807 -0.000531491402982008 4.241923085645699e-05 0.0004888973655985592 -0.0003644760069659911
9.883049479905511e-05 0.002848260834165171 -0.0007954359558101611 0.0001076253978188279 0.0006557955759652442 -0.000548679434229099
2.214162186890271e-05 0.005119700456155673 -0.001493816294210738 0.0002451434469447813 0.001158669860584528 -0.001034299833438538
-0.0001467402507173061 0.004776738163023987 -0.001465879176536494 0.0002879991494937103 0.001056871561494484 -0.001019468678583502
-5.116548885485237e-05 0.0005091148974417917 -0.0001692054593317528 4.083252656242498e-05 0.0001088888656660092 -0.0001181972129659596
-0.0003643384837853484 0.003426082007238951 -0.00115472640660821 0.000288974520642352 0.0007263949968822415 -0.0008081934541912354
-0.0002034410574833488 0.001383924774443092 -0.0004874201358745644 0.0001333212035764843 0.0002871448392258756 -0.0003419878766055702
-0.001054616304344357 0.00696614656367998 -0.002455346073447187 0.0006708116001634163 0.001447102322418321 -0.001721950467833813
-0.000201931618490929 0.001196163269704103 -0.0004298181441310031 0.000121836504645063 0.0002458314030522321 -0.0003018078015657716
-2.985618241209084e-05 0.0001355427246085052 -5.16990423899076e-05 1.624674236063719e-05 2.687276223088465e-05 -3.645380867937939e-05
-0.0004102369607898855 0.001785042989069174 -0.0006860045298335301 0.0002173890959589515 0.0003530452859874238 -0.0004836129676240337
-1.235307312506622e-05 2.284191485073006e-05 -1.167231589639145e-05 0 0 0
-0.001765613294731383 0.003627142873847989 -0.001779471831378819 0.0007514021527839249 0.0005965574953660651 -0.001270950487357961
-0.002467402461065913 0.004620843152232244 -0.002357290819108657 0.00103084812410183 0.0007306929993512744 -0.00168709128829862
1.405265764260904e-05 0.0009732995626649045 -0.0002806506087558621 4.432121034103733e-05 0.0002208329747917367 -0.0001942589673918001
-0.0002108494957676872 0.004143037698101985 -0.00129943781606526 0.0002720144830451695 0.0009086467618821815 -0.0009049813018399997
-0.000934537142157984 0.00303877493845464 -0.001266983369487979 0.0004513545761433955 0.0005686457419800665 -0.0008981569059247767
-0.0001523538249216948 0.0004581578532644938 -0.0001973448893744811 7.338462963839629e-05 8.339302954106075e-05 -0.0001402619123881288
-0.0004751698653607093 0.004839784783927333 -0.001602938477554082 0.0003830185444095294 0.001038944367019718 -0.001119572461501002
-0.0007708515477022834 0.005802334840939618 -0.001997853000705904 0.0005186527392193741 0.001223789100411336 -0.001398458134888161
-0.0004291915078945002 0.002876434273783781 -0.001012731717375596 0.0002753884121765016 0.0005991177413499865 -0.0007101042872224483
-0.0008337603355367675 0.002119336125820127 -0.0009520696386148891 0.000368428423853652 0.000377080533473026 -0.0006770527938697998
-0.001327052469538384 0.003185441422604969 -0.001457883718342648 0.0005748280068106899 0.0005590528809881814 -0.001037481305124801
-0.001808387224925198 0.004068470977863172 -0.001910909676491654 0.0007732761454151346 0.0006986561696019151 -0.001361561038578922
-0.0009898974371732499 0.002045589176628537 -0.0009939115074634958 0.0004154045846375068 0.0003409010476428758 -0.0007093461302074386
0.0003103566831066813 0.001253617524895743 -0.000249411895299473 -3.168218541541596e-05 0.0003180296936589102 -0.0001670517508952903
3.208955564390568e-05 0.0001822807875446524 -4.090099265695889e-05 0 4.499702298447715e-05 -2.767662701755189e-05
4.735863025684861e-05 0.003061071504750334 -0.0008790776883160718 0.0001354508609523514 0.0006973114193899663 -0.0006079621224072988
-0.0005688464628661973 0.005719498004513325 -0.001890813085294032 0.0004487640562598891 0.001230472554785758 -0.001319979191123982
-0.0002195803803167454 0.002429728925895931 -0.000794958053644391 0.0001843401640573941 0.0005248342101578349 -0.0005546601482659127
-0.0002600324008517793 0.001849682969352902 -0.0006418669842793674 0.0001693605438995937 0.0003885274416123635 -0.0004494776331357781
0 1.252969266102821e-05 0 0 0 0
-0.0005285031375984603 0.003269895533148112 -0.001165232586205883 0.0003238217979264121 0.0006775510596044333 -0.0008175367609312773
-0.003487113188095749 0.02113969455600745 -0.007639740233506121 0.002196386599647702 0.004328442520652519 -0.005373983323380215
-0.001627595494781486 0.007065834865662158 -0.00270891091343651 0.000850959744342802 0.001407256630407055 -0.001908614821616554
-0.001258207841881628 0.004269878119139249 -0.001742654644292159 0.0005987093341514344 0.0008178158955024259 -0.001231982998332106
-0.0008998523120530468 0.002476708812789322 -0.001077299735017698 0.0004006456886220709 0.0004535827736573897 -0.0007641787392897836
-0.001525662707812019 0.003121515750308925 -0.001515539543032698 0.0006314556838067044 0.0005227300085304784 -0.001081004242217218
-0.000202691377226433 0.003834408760550348 -0.001197122180054767 0.0002449146882750172 0.0008458483187189871 -0.0008324022314422189
-1.70543242670238e-05 0.000228066801072639 -7.286512035257804e-05 1.581639040201174e-05 4.989941636150346e-05 -5.071479138143004e-05
-0.0002717355928827585 0.001549988769523775 -0.0005559709337931454 0.0001556884399167932 0.0003209183582127113 -0.0003898216923771976
-0.001599895526237154 0.007000660831264731 -0.002664903281600267 0.0008264591858980626 0.001402078868196269 -0.001875820248237209
-0.0002627556221334277 0.001114457592821937 -0.0004282266797069259 0.000135030969338072 0.000221563230419757 -0.0003016812041311314
-0.0002086394120541279 0.0007996941249058057 -0.0003147916669565982 0.0001027562878249697 0.0001568495205556961 -0.0002220058884184409
-0.001519953874021535 0.005498877431695859 -0.002210702911279122 0.000746514298807055 0.001060804432188628 -0.001562433112073806
-0.001638682493160884 0.004704917168401465 -0.002025254658019498 0.0007461093921084512 0.0008660796103843764 -0.001436745069505617
-0.001291278620836187 0.003015844067928727 -0.001388903100690297 0.0005494389152762087 0.0005288693268111492 -0.000988011511258156
-0.002085003621970677 0.004079811976211482 -0.002013959794603888 0.0008511072066002657 0.0006742142073618769 -0.001437324750277087
-0.0004615282322505753 0.0007613085121388112 -0.0004063955026235017 0.0001837461544448989 0.0001157638137467718 -0.0002911980284283736
-0.006171289044329284 0.009065065106907362 -0.005119147556206094 0.002412429163318095 0.001292380379949153 -0.003677271031424097
-0.002129195034308545 0.002523182981215229 -0.001596072794075676 0.0008096716993967874 0.000305268160847182 -0.001151786500782772
-0.002350928866862939 0.006493119986251225 -0.00282225448880545 0.001050440002711085 0.001188121869742548 -0.002002473542056312
-0.0002883640030002142 0.000551218269930969 -0.0002745511052325045 0.0001170313680246065 9.019288556117194e-05 -0.0001960160717439548
-0.001336706008681544 0.001778777038570764 -0.001055306280565995 0.0005141039409845092 0.0002376785922256799 -0.0007594419774103633
-0.001899481420373189 0.002135843228484558 -0.001378293405497544 0.000704797505429562 0.0002526232996795369 -0.0009940507236879824
-0.001121345840775527 0.001273198133221832 -0.0008170781980398392 0.0004166892857509543 0.0001518971466572623 -0.0005892828405265589
0.0009006049950750609 0.0009899513572544174 5.093411753687602e-05 -0.0002200553013307022 0.0003235429677282006 5.159984303870557e-05
-0.002485840641059714 0.001614536915193045 -0.001462899483822116 0.0008704802089426119 6.033537718054844e-05 -0.001065957598239535
-2.060903196248566e-05 1.008122620140754e-05 -1.12376016235771e-05 0 0 0
-0.0009196189148093257 0.0002399251529387967 -0.0004388834764318559 0.0003076459121240623 -6.067211095643788e-05 -0.0003240102697559164
-2.672568998824184e-05 0 -1.189150969047942e-05 0 0 0
0.0007031007846446198 0.0004623294188388548 0.0001309427484416145 -0.0001870718201758555 0.0001823334774072262 0.0001034666699276575
0.008065401376222475 0.005751969198732563 0.00134856082919736 -0.00210706290863406 0.002187866610394829 0.001078390582590103
-1.139935423928647e-05 0 0 0 0 0
0.002999484605578745 0.001392204562574946 0.0007254402979599291 -0.00082317451870236 0.0006451458954546307 0.0005563323100693897
0.005896980672730763 0.002815297691054942 0.001406483593180296 -0.001619675215734556 0.001290299712975831 0.001081052783846878
-0.002161660845873558 -0.0002788201398448845 -0.000797504264096571 0.000696723979341001 -0.0003423488362440326 -0.0006020720463546085
-0.001533096793561399 -0.0002386560240095633 -0.0005542524663104631 0.0004929453358234058 -0.000252603762784437 -0.0004192718514523207
-9.46975460084258e-05 0.0007616615010216936 -0.0002684986007821034 7.552299486813957e-05 0.0001555415905673987 -0.0001891961665520304
-0.003351530975219071 -0.0008282328399527288 -0.001124454945488377 0.001064646039317366 -0.0006223160532963889 -0.0008564371632343979
-0.01655002001770078 -0.004391637329558225 -0.005434774827766794 0.005209857881227931 -0.003119189737442369 -0.004142892908854809
-2.687714966751804e-05 0 0 0 0 0
-0.002819023135573529 -0.0006892391268170609 -0.0009551106544353633 0.000904394519539862 -0.0005269817807590802 -0.0007284134149179719
-0.005465011474529714 -0.001991101948546009 -0.001645707774404974 0.001707900403044315 -0.001162104293719456 -0.001267776055500986
-4.452263334396313e-05 0.0004837468436803485 -0.0001647489825934865 4.339676642268109e-05 0.0001004721954113923 -0.000115874214338046
0 2.211832509837791e-05 0 0 0 0
0.00021267842127132 4.701359864829857e-05 6.628414191851087e-05 -6.062546086305778e-05 3.393517922006601e-05 4.969072515413035e-05
0.00940789876908152 0.002259097977090476 0.00289447767139589 -0.002690149875517811 0.001553127305721881 0.002174692225484508
0.006454696432640278 0.001371807468167058 0.002049401243119533 -0.001866578031721398 0.001032297513008585 0.001538002268568912
0.01094709238990038 0.001927764848896251 0.003585278471102417 -0.003179593603175367 0.001659400406927439 0.002683410461292673
0.005230827842647546 0.001106373027466232 0.001663573449086595 -0.00151548094167195 0.0008377236002328187 0.001248824710008258
-0.002495168676211763 -0.0009167813029053758 -0.0007538090533035256 0.0007828130308249458 -0.0005339069793526093 -0.0005807412643575118
-0.0139106370287204 -0.005108061834638741 -0.004170910413593291 0.00433144307968108 -0.002956677927082684 -0.003211073868844325
-0.002004174576711835 -0.0007885437807645036 -0.0005897807815945916 0.0006262523455424491 -0.0004409674910554648 -0.0004556402843579709
-0.005982315468161656 -0.002340560090088296 -0.001758149867179057 0.00186369102550957 -0.001309089263357676 -0.001357740818010988
-0.01679282434426794 -0.005894371809418678 -0.005151434597576109 0.005285969412863306 -0.003533826544321273 -0.003965351561913071
-0.005177182305600806 -0.002034019026810885 -0.001527851080168043 0.00162505082562404 -0.001143622823678916 -0.001181935070907436
0 1.048962883367561e-05 0 0 0 0
-0.0003358222386669501 0.009636256906577219 -0.003069777530438812 0.0006960845000529508 0.002066550649727819 -0.002151290531887314
0.003694632480606746 0.000351421217120654 0.001284510908870373 -0.001073467466124727 0.0004837282632525585 0.0009550430751420806
0.0006480955314813684 3.73741769900012e-05 0.0002319633638009561 -0.0001889651420448863 7.90362327493255e-05 0.0001720495340528885
0.0079697507263793 0.001161940269818917 0.002638927584854967 -0.002282654914047904 0.001128086961857547 0.001966627231261465
0.00840207803044837 0.001031892949324277 0.002864108947729141 -0.002441648140541476 0.001159800617361309 0.002134066216916661
0.007385776921943413 0.001032183892278669 0.002488295128507364 -0.002148223258347697 0.001052366010570513 0.001856952038862437
0.003676846810788332 0.0004312568342782431 0.001264656657723953 -0.001075712758664563 0.0005067896655308699 0.0009427870510272431
0.001575789071723226 0.0002318536584817448 0.000526076164186134 -0.0004567651103707421 0.0002268182497503682 0.0003927687368348298
-0.00378051538452696 -0.001844093158506677 -0.001017984110284537 0.001174390590432588 -0.0009185240746229301 -0.00079577818352696
-0.003778196941873228 -0.0018836940718579 -0.0009991644315243766 0.001165982103667405 -0.0009245299799971873 -0.0007818515847667317
-4.19131881230997e-05 -1.83987210787149e-05 -1.196263711315992e-05 1.320791824220659e-05 0 0
-0.01249926091170642 -0.004811388427306182 -0.003762352685083323 0.003970813046639807 -0.002760884196645124 -0.002910967759385528
-4.794740637285185e-05 -1.943525398597311e-05 -1.396190795253401e-05 1.500714212892209e-05 -1.072674471677802e-05 -1.081078277176151e-05
0.002804229452275007 0.0002249626878956116 0.0009834915543855338 -0.0008131149220008466 0.0003556301171898656 0.0007302342771118333
0.009018988205000392 0.0007000702490055991 0.003177133430496794 -0.00262443381943935 0.001143953006382216 0.002359443263301934
0.008090355615249135 0.0005047175892634554 0.002898286728345187 -0.002373268600576757 0.00100590081162975 0.002151978099579151
0.01429624389429371 0.001534251092149689 0.004914405594281153 -0.004144630822463546 0.001914225423362272 0.003656610534773058
-1.998512788589918e-05 -1.44495352450199e-05 0 0 0 0
-3.360043629230762e-05 -1.71784016944151e-05 0 1.035924241795568e-05 0 0
-0.001532374459674111 -0.0008027282833418938 -0.0003968812114969571 0.0004735592958147505 -0.000385052608181465 -0.0003116006525927085
-7.007667671462826e-05 -3.667650451132925e-05 -1.822219134436361e-05 2.175425639724101e-05 -1.76764116382503e-05 -1.431863856301895e-05
-3.63035056570409e-05 -2.100652121217132e-05 0 1.1179341972529e-05 0 0
-4.375587169437125e-05 -2.536338666343302e-05 -1.050619641849547e-05 1.331442242642792e-05 -1.150272845037882e-05 0
-0.001535107241928299 -0.0007339836703119065 -0.0004168330629322706 0.0004775808236900752 -0.0003700713923391373 -0.0003256528410766379
0.007567495592937791 0 0.002819133525874251 -0.002212327514873112 0.0008172344108195692 0.002083182039212172
0.01160481963351001 0.0007533793981715438 0.004091797680825775 -0.00334296735010984 0.00141503485879543 0.003031989855857033
0.01460405867025917 -0.0002453527830675738 0.005551624074879762 -0.004322203269517559 0.001545522244024041 0.004103165224425054
0.007799319563170743 -9.472196289470972e-05 0.002941966802341617 -0.002294275438936812 0.000826421422827835 0.002173779531190044
0.007869043509167888 -0.0007871649384629301 0.003168215160432834 -0.002347618966024877 0.000678330094722022 0.002331668389686668
-3.269880965275123e-05 -2.773720296764952e-05 0 0 -1.067405549912483e-05 0
-3.588511767888091e-05 -1.949101110034041e-05 0 1.109636197496541e-05 0 0
-5.362003459145025e-05 -3.094519622088897e-05 -1.316553441506411e-05 1.655280615923024e-05 -1.419416819017927e-05 -1.042139383961674e-05
-0.006265697756074571 -0.00402331036459388 -0.001436659451208728 0.001935466784565094 -0.001763871880414559 -0.001151328819340364
0.002078753163208463 -0.0001065417547789094 0.0007957000129759017 -0.0006026891280005636 0.0001944392264993335 0.0005854554096347444
0.01125673011153538 -0.001236399683832141 0.004563198399658547 -0.003359674766539445 0.000941838650569867 0.003355985329374741
0.01475702653086577 -0.0008530061642300682 0.005784917473373223 -0.004394092973469143 0.001422623840371625 0.004267000153456641
0.01511084959227988 -0.001763848740199124 0.006155965121436308 -0.004515963494960096 0.001242097288031812 0.004526076659382716
0.009240259725732385 -0.001491008800955602 0.00385622273947272 -0.002753092307745962 0.0006506210800329973 0.00282713206585915
-2.041049447764006e-05 -1.588711094897291e-05 0 0 0 0
-0.003756969979884391 -0.002960601304105723 -0.0007029743795794216 0.001133204654196997 -0.001179200982498851 -0.0005801800430225327
-0.007755830570278644 -0.007491150444657612 -0.001071568205701685 0.002294994015511899 -0.00275706142939276 -0.000938424587574782
-0.001878569554107705 -0.001771905482105645 -0.000270097263092849 0.0005564720876304806 -0.0006578291865508027 -0.0002343853538130061
-0.0008635249077582085 -0.0006127864330154397 -0.0001825118411134902 0.000264906066775531 -0.0002565336967554376 -0.0001479865609757385
-6.237374657940109e-05 -3.797490560376717e-05 -1.47223835590571e-05 1.913054604396039e-05 -1.693425973658205e-05 -1.170669802129407e-05
-0.005954297476314727 -0.003662112340566595 -0.001395454846706864 0.001827970867422456 -0.001627863274355725 -0.001111819409785622
-0.001143489366635338 -0.0007475848800996718 -0.0002610737652185236 0.0003554850737316791 -0.0003266570615813071 -0.0002097756703427246
0.0005987262886499947 -9.713152142886294e-05 0.0002504837806416579 -0.0001789006049039785 4.231117230809015e-05 0.0001837068907427292
0.008273524376582301 -0.001333108153990886 0.003460421542133826 -0.002472690794936735 0.0005874192082989033 0.002537715936496744
0.00931023788336989 -0.001488974846800419 0.003881500467282631 -0.002771540966513057 0.0006566445293040226 0.0028453355087089
0.01498631138114339 -0.002527803011987121 0.006335134663752298 -0.004519900454119125 0.00105881487281841 0.00464847804065328
0.008804501591878887 -0.002132464588053709 0.003873442437905991 -0.002649100064157224 0.0004545247631259194 0.002830351752068934
-3.196567169251631e-05 -2.743126741056657e-05 0 0 -1.049127282237202e-05 0
-0.008191058364714822 -0.007320917399435603 -0.001277118529554157 0.00242552168115322 -0.002764094404273097 -0.001087645231232974
-0.008516239691172479 -0.008719921788693795 -0.001051922425318918 0.002517702465093995 -0.003151532593617678 -0.0009479415943833858
-0.01146914318904258 -0.01239128496198575 -0.001247189011369818 0.003379433715927127 -0.004401806403023125 -0.001162638207841724
-3.19087174710185e-05 -1.992517624194265e-05 0 0 0 0
-0.003348847547379757 -0.002160952947471628 -0.0007627585194958384 0.001031009126974446 -0.000942861242215686 -0.0006113108743741163
-2.604833007184802e-05 -1.764364640932692e-05 0 0 0 0
0.0003797871329745972 -5.339213374832782e-05 0.000156171799265304 -0.0001127232414385725 2.847015114947694e-05 0.0001145921769694664
0.007464946832170565 -0.001032158487936281 0.003036977701080937 -0.002186708848134006 0.0005481194931159719 0.002225235765586393
0.005663865030726247 -0.001337535288258049 0.002482011678808228 -0.001701656339154589 0.0002991906963196947 0.001813765002807002
0.005875336095207056 -0.00139508143351851 0.002576301459517314 -0.001764408356526961 0.0003076464272076153 0.001882323677992306
0.006625991415327213 -0.001599397259414803 0.00291052806859642 -0.001989178149839359 0.0003401443386727433 0.002126116227880499
0.006877408563776289 -0.001870711832490903 0.003076236890866722 -0.002069030384951081 0.0003028140014963314 0.002244058024601368
-0.002115110423029512 -0.002079775591013772 -0.0002763004849867578 0.000619282823916803 -0.0007576741318869782 -0.000244274967840005
-0.004602528238303246 -0.004382213963324198 -0.000646610215454692 0.001357090682875182 -0.001617271933798256 -0.0005631876583574261
-0.007435271737982146 -0.007372188977337772 -0.001000224790895149 0.002221562480928703 -0.002703787637649285 -0.0008861606688834145
-0.01440249956520914 -0.01690159121848302 -0.001187502580779176 0.004193118993085097 -0.005836998218532747 -0.001200818719833224
-1.934459545284888e-05 -1.534361505822523e-05 0 0 0 0
-0.004845591259917324 -0.003202138000632178 -0.001081348443688616 0.001487284221043061 -0.001380127871615222 -0.0008690176429156084
-0.005121886573857517 -0.00339382489334256 -0.001156291120150459 0.001589158339150598 -0.001471070036328245 -0.0009308282453598827
-2.460855940759047e-05 -1.713859194196178e-05 0 0 0 0
0.006024219491392916 -0.001074591872029266 0.002530867378743541 -0.001786028811132817 0.000393275728156382 0.001852637417930524
0.006647154633154736 -0.001852674276021505 0.002985860557580417 -0.002001561196457489 0.0002825841914711746 0.002177785378883451
0.01785904403544844 -0.004917937614449881 0.008017966574973768 -0.005389337614028204 0.0007826869574219371 0.005850120185370908
0.01618231473528445 -0.004052556081177582 0.007146226139824508 -0.004862288671811975 0.0007984481606287713 0.00521834901608495
-0.001188721952107615 -0.001150450826548681 -0.0001617082053243391 0.0003498886353350253 -0.00042210364240034 -0.0001418799846204733
-0.007117297271648502 -0.00718858798451425 -0.0009043907386732595 0.00210451458959298 -0.002608052407763637 -0.0008092730629953406
-0.01813259832636803 -0.02119760037279821 -0.001451353077905778 0.005210010683053391 -0.007285171188761284 -0.001470564521364391
-0.01038797144256626 -0.01235716361701972 -0.0008260070894002478 0.003034587797443189 -0.004257329910927216 -0.0008480490180761428
-1.660410834255597e-05 -1.598623049821766e-05 0 0 0 0
-0.0002974564194469247 -0.0002475737295892193 -5.231772915010512e-05 8.963290209432377e-05 -9.664373571570154e-05 -4.373402810400192e-05
-4.553049092593e-05 -2.823721022819432e-05 -1.077562104852015e-05 1.413927174632402e-05 -1.258897371144876e-05 0
-0.01055358670463673 -0.007748463234831136 -0.002187310040278004 0.003263364903096146 -0.003213111271085572 -0.00178778540283296
-0.006091935404084991 -0.005050034725522559 -0.001088614130393705 0.00185004821639262 -0.001981093573917703 -0.000910796374236129
0.0004310094743250689 -0.0001142025376830269 0.0001914904294454473 -0.0001290622374337481 1.93654046150443e-05 0.0001396846585798971
0.0040581477357242 -0.0009545474860911706 0.001754564270555173 -0.001195900698921491 0.0002020684826609952 0.001279535039358688
0.004676186172830798 -0.001539926215957931 0.002163453017751352 -0.001412917298312374 0.0001412180751226253 0.001574573386497161
0.006013724651005385 -0.001798115189564041 0.002725746139828814 -0.001805544162674805 0.0002217704757230087 0.001985374291623405
-1.882822842878625e-05 -2.206351411149887e-05 0 0 0 0
-0.0004437886401206289 -0.0004617527002968813 -5.271055818990744e-05 0.0001309845472395848 -0.0001659941092483882 -4.799663504696072e-05
-0.008302499636953148 -0.009267512084549248 -0.0007793294747821129 0.002393704063649209 -0.003230133532648368 -0.000750666048663679
-0.00813541212933949 -0.009048498807505955 -0.0008362730267642721 0.002412328250525399 -0.003194809233522847 -0.0007961510815780232
-0.007626597827033642 -0.009112997845282505 -0.0005981111032966313 0.002231602466446936 -0.003138950970001309 -0.0006182946932044218
-1.392164543164464e-05 -1.190129657581706e-05 0 0 0 0
-0.004030558081642761 -0.00281869295006386 -0.0008737299935418589 0.001249732965027299 -0.001193428873056024 -0.0007086416198065712
-0.01101371896026902 -0.008363209970811662 -0.002199995467451186 0.003387385730276138 -0.003410137945104564 -0.001807741327846529
0.001539532655003654 -0.0005171197220564815 0.0007113251607582086 -0.0004616682481283783 4.200698843221826e-05 0.0005171191996474314
0.003466870124219683 -0.001267330142395725 0.001643136219244592 -0.001056183316715545 7.786893205108079e-05 0.001194913121325708
-0.00709908832283846 -0.009000914647770098 -0.0003803045404206051 0.002027054679872823 -0.003024733268316802 -0.0004495913733549078
-0.005263382663402916 -0.006356411953406979 -0.0003891413637376616 0.001532839840549513 -0.00217910271462426 -0.0004097822337685804
-0.004438981773558243 -0.00577452839423655 -0.0002191872490673461 0.001284036915408097 -0.00193710988414004 -0.0002717863494074295
-0.00518067214150208 -0.006506480287257415 -0.0003300626327228891 0.001517122654986825 -0.002213402557487374 -0.0003696959841110231
-0.0003108655683310806 -0.0003491763693113867 -3.062560724172533e-05 9.183325710011301e-05 -0.0001228692269137285 -2.949278477366679e-05
-0.005119412375973892 -0.004497692649828959 -0.0008564946222756276 0.00155838687856184 -0.001731736795917368 -0.0007273252109849735
-0.01116511981828736 -0.008718847957221448 -0.002151718218914731 0.003416340580228241 -0.003509389993473855 -0.00177787874698967
-0.01295076417461699 -0.01040876925159816 -0.002391585114541133 0.003930173020852317 -0.004126330510734896 -0.001987520944903622
-2.43499286792397e-05 -1.682990134981495e-05 0 0 0 0
1.890166632050665e-05 0 0 0 0 0
0.003463364250354625 -0.001199362543932421 0.001608493888384742 -0.001037636183056645 8.480157680229293e-05 0.001168520972397534
0.007768709442096769 -0.002777109253631465 0.003643491241283874 -0.00234266431000825 0.0001771302597992144 0.002647420238207305
0.008813746777677262 -0.00362659370323589 0.004280659832753377 -0.002689579887893318 9.902018482025971e-05 0.003106542979709291
0.01121397760009843 -0.004929805023433089 0.005527285359950755 -0.00342579870637738 4.787201389727175e-05 0.004006736814102863
-1.778663386471269e-05 -2.387067185998798e-05 0 0 0 0
-9.538263872426708e-05 -0.0001287694408725782 0 2.774932016709908e-05 -4.292780194285853e-05 0
-0.000604404623498312 -0.0007750096580369951 -3.468943956819664e-05 0.000177261709603162 -0.0002625302083641383 -4.067187800367221e-05
-1.07190274949694e-05 -1.169406224810191e-05 0 0 0 0
-0.001671904593227008 -0.001846761014384677 -0.0001761834619942245 0.0004980021990821141 -0.0006553010870403098 -0.0001670568441948758
-0.006540080858365841 -0.006337771013254377 -0.0009160651832581565 0.001958005974504897 -0.002343922746869568 -0.0008056882784730108
-0.007334612211165093 -0.006419421468242028 -0.001228320108676545 0.002227988470643529 -0.002471376913147031 -0.001042502737268015
-0.01210079316853013 -0.008981545394022636 -0.002528255690020958 0.003788923550677123 -0.003734138954551451 -0.002073779221553327
-0.00429964510496795 -0.003165795687415243 -0.0008876100200552922 0.00132967971230346 -0.001311807048814373 -0.0007265856290976605
0.00580497732604861 -0.002471003421063092 0.002838184010085747 -0.001768790549571024 4.2324738680467e-05 0.002057903811565276
0.007684511648574904 -0.003595686151943043 0.003844907764825583 -0.00235069912425274 -2.075734059687112e-05 0.002784150357280669
0.008828356113121105 -0.004242491695603043 0.004434336574719262 -0.002689613484922237 -5.848001569741725e-05 0.003207629581398042
0.005206871266476191 -0.002717302534495053 0.002685389453569531 -0.001603480916255043 -7.991821811796899e-05 0.001941352365203688
-1.512346147339187e-05 -2.632757046535448e-05 0 0 0 0
-1.602635750215142e-05 -2.416223865377822e-05 0 0 0 0
-1.727140073320672e-05 -2.518749954699228e-05 0 0 0 0
-1.359120303516686e-05 -1.753437681493662e-05 0 0 0 0
-3.456901138550896e-05 -3.794764407251824e-05 0 1.02973775197844e-05 -1.349325934762392e-05 0
-0.003752162113905689 -0.003889872789422224 -0.0004656959825444522 0.001126480617107957 -0.001411348324348152 -0.00042334679451806
-0.007800643550077166 -0.007596196057382795 -0.001104818223346051 0.002357154767363611 -0.00281672684071696 -0.0009734944417523939
-0.01333007647670377 -0.01219700110695702 -0.002108581245867671 0.004058078368423295 -0.004630983041347034 -0.00181560330294538
-0.0037554195352812 -0.003017249132344608 -0.0007101521477336313 0.001157948604102036 -0.001207770647759531 -0.0005909561129437896
2.751964731748423e-05 -1.092979833108325e-05 1.314888836328018e-05 0 0 0
9.341636654638561e-05 -4.735067765933381e-05 4.756427910709391e-05 -2.84881473051551e-05 0 3.437400075088984e-05
0.00105927331319661 -0.0005234143555597233 0.0005351912530378287 -0.0003222113360317443 -1.106398736458802e-05 0.0003868790081821699
0.003557772258727736 -0.001803638250704265 0.001811807521308544 -0.001085064095061613 -4.725398944247889e-05 0.001309305460047639
0.003314704727351932 -0.002077653850243225 0.001799808715350846 -0.001025719880832872 -0.0001361871677154489 0.001296458600909571
-0.003435924247258675 -0.004288158724004152 -0.0002262498582378667 0.001008447804358334 -0.001463574099694026 -0.0002507645202939558
-3.608646545283221e-05 -3.986657085471425e-05 0 1.070543906752911e-05 -1.412637943660568e-05 0
-0.006341737947336282 -0.007205500034936526 -0.0006212710530536218 0.00189273216718834 -0.002538986923023528 -0.0006039472134669118
-2.247520974606262e-05 -2.29636715675799e-05 0 0 0 0
-0.01091536380914606 -0.01186527359416008 -0.001154038527857994 0.003208304956167621 -0.004203120345045234 -0.001087011604305043
-4.464956723647198e-05 -4.06969671758742e-05 0 1.347241710940584e-05 -1.541755411300869e-05 0
0.001583898686525697 -0.00103733744589225 0.0008725106573803604 -0.000491733814930717 -7.547539231135302e-05 0.0006280896162835848
0.0002793494999854982 -0.0002468302863000617 0.0001711161774176611 -8.831103431150664e-05 -2.861475703204813e-05 0.0001224616904438291
-2.310313600778623e-05 -3.542371193013305e-05 0 0 -1.141205137823895e-05 0
-2.012356925818177e-05 -2.497879672652135e-05 0 0 0 0
-0.002165051323610873 -0.002776162760314815 -0.0001237635323998843 0.0006357180366648605 -0.0009416815387711787 -0.0001458014051902693
-0.0007573185328686945 -0.0009161493143546311 -5.857541804240441e-05 0.00022420859250492 -0.0003164649765831404 -6.145441009061798e-05
-3.602870721240873e-05 -4.033146478772035e-05 0 1.069379487394548e-05 -1.423898228297697e-05 0
0.001380631935031006 -0.001066551058274327 0.0008054710642437986 -0.0004338886830473208 -0.0001039650837022857 0.0005782134400291293
0 -2.562960385949031e-05 0 0 0 0
-0.001538754215076355 -0.005389185882527921 0.0008284834934290202 0.0003729423705086819 -0.001491680162541683 0.0005170086964162744
0 -1.084089528824831e-05 0 0 0 0
0 -1.8989180502688e-05 0 0 0 0
-1.509828769418644e-05 -2.406262699623613e-05 0 0 0 0
-1.510224216211821e-05 -2.191251006651243e-05 0 0 0 0
-0.001347991308535411 -0.002030626829177821 0 0.0003917513975669791 -0.000660671068779033 -3.829102405026213e-05
-4.076489768429539e-05 -5.535366874014248e-05 0 1.190100746291205e-05 -1.846867919955846e-05 0
-4.117059694694875e-05 -5.463089482439989e-05 0 1.207111622091279e-05 -1.835532982775028e-05 0
-1.145105388738931e-05 -1.348447715189826e-05 0 0 0 0
-9.786661683272593e-05 -0.001000645622398042 0.0002260270050688557 1.189584380056872e-05 -0.0002551338727920915 0.0001496374365411281
-0.001173689915296405 -0.005330317083208395 0.0009500812740792671 0.0002652572501098014 -0.001435801532817472 0.0006080446462576313
0 -1.20850876687227e-05 0 0 0 0
-1.146750033394455e-05 -2.185242084964503e-05 0 0 0 0
0 -1.424571495875329e-05 0 0 0 0
-1.418182811888415e-05 -2.428133372983506e-05 0 0 0 0
0 -1.551385155790522e-05 0 0 0 0
0 -1.0664724697839e-05 0 0 0 0
