14 50
14 57
15 44
15 45
15 47
15 49
15 50
15 53
15 55
15 57
16 43
16 44
16 45
16 47
16 49
16 50
16 51
16 52
16 53
16 54
16 55
16 57
16 58
17 44
17 45
17 47
17 48
17 49
17 50
17 51
17 52
17 53
17 54
17 55
17 56
17 57
17 59
17 61
18 44
18 45
18 46
18 47
18 48
18 49
18 50
18 51
18 52
18 53
18 54
18 55
18 56
18 57
18 58
18 59
19 44
19 45
19 46
19 47
19 48
19 49
19 50
19 51
19 52
19 53
19 54
19 55
19 56
19 57
19 58
19 60
20 41
20 44
20 45
20 46
20 47
20 48
20 49
20 50
20 51
20 52
20 53
20 54
20 55
20 56
20 57
20 62
21 44
21 45
21 47
21 48
21 50
21 51
21 52
21 53
21 54
21 57
21 62
22 43
22 44
22 45
22 46
22 47
22 48
22 49
22 50
22 51
22 52
22 53
22 54
22 55
22 56
22 57
22 59
22 60
23 42
23 44
23 45
23 48
23 49
23 50
23 52
23 53
23 55
24 41
24 43
24 44
24 45
24 46
24 47
24 48
24 49
24 51
24 52
24 53
24 54
24 55
24 57
25 39
25 40
25 41
25 42
25 43
25 44
25 45
25 47
25 49
25 50
25 51
25 52
25 54
26 35
26 36
26 37
26 42
26 43
26 44
26 45
26 46
26 47
26 48
26 49
26 50
26 54
26 55
26 57
27 35
27 36
27 37
27 39
27 40
27 41
27 43
27 45
27 47
27 49
28 32
28 34
28 35
28 36
28 37
28 38
28 40
28 49
29 30
29 31
29 32
29 33
29 35
30 30
30 31
30 32
30 35
31 30
31 32
32 21
32 23
32 24
32 25
32 26
32 27
32 28
32 30
33 19
33 22
33 25
33 26
33 30
33 48
34 19
34 20
34 21
34 22
34 23
34 24
35 19
35 20
35 21
35 22
35 25
35 45
35 49
36 18
36 19
36 20
36 21
36 22
36 24
36 44
36 45
36 46
36 48
37 18
37 19
37 20
37 21
37 44
37 45
38 16
38 18
38 20
38 21
38 22
38 49
39 18
39 19
39 20
40 19
46 54
48 61
48 62
49 60
49 61
49 62
49 63
49 66
49 67
50 17
50 20
50 21
50 60
50 61
50 62
50 63
50 64
50 65
50 66
50 67
51 15
51 17
51 59
51 60
51 61
51 62
51 63
51 64
51 65
51 66
51 68
52 14
52 16
52 20
52 59
52 60
52 61
52 62
52 63
52 64
52 65
52 66
52 67
52 69
53 11
53 12
53 14
53 17
53 19
53 21
53 57
53 60
53 61
53 62
53 63
53 64
53 65
53 66
53 67
53 68
53 69
54 12
54 13
54 14
54 15
54 16
54 17
54 18
54 19
54 20
54 22
54 57
54 58
54 60
54 61
54 62
54 63
54 64
54 65
54 66
54 67
54 68
55 12
55 14
55 15
55 16
55 17
55 20
55 22
55 57
55 60
55 61
55 62
55 63
55 64
55 65
55 66
55 69
56 13
56 14
56 15
56 16
56 17
56 18
56 19
56 20
56 21
56 22
56 23
56 25
56 57
56 60
56 62
56 63
56 64
56 65
56 66
56 67
56 68
57 12
57 14
57 15
57 16
57 18
57 19
57 20
57 21
57 22
57 24
57 57
57 59
57 60
57 62
57 63
57 64
57 65
57 66
57 67
58 12
58 13
58 14
58 15
58 16
58 17
58 18
58 19
58 20
58 57
58 58
58 59
58 60
58 61
58 62
58 64
58 65
59 13
59 14
59 15
59 16
59 17
59 18
59 19
59 22
59 59
59 60
59 61
59 62
59 65
60 15
60 16
60 17
60 18
60 19
60 20
60 21
60 58
60 60
60 61
60 62
61 14
61 15
61 16
61 17
61 18
61 19
61 20
61 21
61 22
61 24
61 59
61 61
61 62
62 15
62 16
62 18
62 19
62 20
62 22
62 55
62 57
63 16
63 17
63 18
63 19
63 20
63 21
63 23
63 57
64 16
64 17
64 18
64 19
64 20
64 21
64 22
64 24
64 45
65 18
65 19
65 20
65 37
65 47
66 17
66 21
66 22
66 48
66 60
67 22
67 44
67 48
68 22
68 23
71 45
