-0.03689336343868081 -0.0337875961087204 -0.03264484938739195 -0.008782249794180661 -0.008884069887744213 -0.01568549361703794
-0.01646290190522971 -0.0155235877707097 -0.01490855796115418 -0.0006607264760060865 -0.001246609309403813 -0.003586273348746349
-0.009983224281055454 -0.009213463124146113 -0.008995711364334181 -0.002451272778377115 -0.00241059449101934 -0.003742569593169712
-0.005391173690188323 -0.004318966815474463 -0.004513968320014033 -0.006438376438007819 -0.005866126520793668 -0.007167367635738277
-0.006402584749047507 -0.005580330005146865 -0.005605961249878609 -0.004324670670031681 -0.003959481554314291 -0.005193914031075213
0.005794825047016713 0.00635424153261678 0.005647200634498858 -0.007378566895020516 -0.006194140884129254 -0.006019655290141033
-0.008683793895845091 -0.00737528885430778 -0.007414583464673568 -0.007060448274213355 -0.006375693292583579 -0.008419285646199485
0.001344802706567003 0.0008003919824786998 0.0007526342207136193 0.003102007128285504 0.002748982816354028 0.004007826549798734
-0.01001581505932845 -0.008601197388598995 -0.008600885585339063 -0.007517881297775251 -0.006918743844881201 -0.00908561757468066
0.00251051275583747 0.004404237446767523 0.00339597251251309 -0.01712386813921848 -0.01450267342403869 -0.01657516643814068
-0.0006724830727037461 -0.0009919310547279925 -0.0009702911104853383 0.002543232517621534 0.002077014480427492 0.003021874360894778
0.00288512194008075 0.003224525861425321 0.002765028195477884 -0.004664160500903653 -0.004034652517047365 -0.003807552670640754
0.001209050021178377 -0.000115750009897072 0.0002201845356676535 0.00987567000288909 0.008431303705145228 0.0106455194123615
-0.002663124898029815 -0.003411406037090034 -0.003077397771458042 0.006543656200667648 0.005501295499049086 0.006713219806493357
-0.01624286966483937 -0.01633147772580378 -0.01529728778009204 0.008337721300167545 0.006324439491125864 0.005708871541436657
-0.009723445997888935 -0.008883863291349294 -0.00864202266000828 -0.002360812787544416 -0.002547684083571606 -0.003908286293980581
-0.003014721110415844 -0.002482861009195171 -0.00260256810102219 -0.003155041196545097 -0.003062921810620803 -0.003385185330157927
-0.01607126337410161 -0.01544774071678071 -0.01475122810366294 0.002251112706245443 0.001074372101484689 -0.000350110908180643
-0.009334612880190747 -0.009318283131094672 -0.00881323516549894 0.004052289601689145 0.002992980447212651 0.002808055511468891
-0.006629373245268248 -0.007153410212596598 -0.006661732472783763 0.007293308449274241 0.005830957623042548 0.006806335708352226
0.001767912002341717 0.00218747109941065 0.001784959756182077 -0.004484905120785675 -0.003950423400284575 -0.003748987336458019
0.001509356516893923 0.001345644366878249 0.001181401681958064 0.0002633640239033018 8.628283094411768e-05 0.0009759049983164681
0.008739481842361146 0.008559020861381286 0.007966917252031908 -0.00222074960338624 -0.001704425306241132 -0.0001489234731797636
-0.004053887083629267 -0.004923124518755219 -0.004407358433530505 0.009109977604643967 0.007462665503993501 0.008949893681467157
-0.0002167324625197117 -0.0008013416657042343 -0.0006783128645707957 0.005099136484016204 0.004127318726970625 0.005745199749084745
-0.005467982768501315 -0.006634900015602234 -0.00593824509450924 0.01159093851678369 0.009495839024192864 0.01106491826662662
0.0004404759408582844 3.509687704212726e-05 3.848495748887082e-05 0.002770948004234478 0.002292325495276302 0.003494318631559338
-0.009345247355774933 -0.01070075629947755 -0.009654281233379429 0.01547513794126747 0.01263699745029116 0.0143504011566664
0.01542873791889351 0.01735790945675751 0.01552318297220211 -0.02297957303743195 -0.01916791725278987 -0.02017831593499746
-0.00324827040708404 -0.002601958307428523 -0.002730176815705672 -0.003741278763647809 -0.003661055130985583 -0.004178806827271808
-0.01610785843134417 -0.01477336858568807 -0.014232528091242 -0.004880547914331413 -0.004955384306831051 -0.007542108871442321
-0.02033864329846584 -0.0200973021830726 -0.01884783667760064 0.005338113204173988 0.003670741121269821 0.002055717386471498
-0.01419590989860728 -0.01570298917484264 -0.01416347314431017 0.01959246946180433 0.0158106992472537 0.01711294904765356
-0.001885458238699884 -0.005457397743545268 -0.003948556013692209 0.03146678350701472 0.02626065954787596 0.03155083026899199
-0.01473165714309413 -0.01779639035897892 -0.01562393023618802 0.03283294960808437 0.02698595620236564 0.03053680956001124
-0.009808508237755646 -0.005359854846851621 -0.006349995820029705 -0.03410210234625066 -0.02942062336974724 -0.03617873355688415
0.01118446777792114 0.01402736200863109 0.01225477644128949 -0.031063651340029 -0.02599768177687675 -0.02891096476839411
-0.004810628375980996 -0.002875571440042597 -0.003252533163798985 -0.01677783742334191 -0.01432398281390456 -0.01744785180326069
-0.003114021233847011 -0.002663622449134483 -0.002600074865560795 -0.004965722038948924 -0.004214217904180183 -0.00487177410467645
0.01057475565771229 0.01235712525295671 0.0109780417029677 -0.02052066259266586 -0.01701077494346721 -0.01815524888975378
0.00522061431603264 0.002933182479421878 0.003484149831608564 0.01782556370310679 0.01497813626050826 0.0190100144878147
-0.002278021737778827 -0.004698729419769404 -0.003584686790999822 0.02220559138176425 0.01843203671315902 0.02199736361921684
-0.007498175106654805 -0.004152820320992832 -0.004876525486562705 -0.02713916609195226 -0.023352655119423 -0.02834350786672211
0.02058163018938618 0.0184373710334745 0.01789905162182338 0.009810527308593163 0.008891085647947666 0.01392906695875347
0.02197111368927473 0.01825823634257861 0.01824115899708435 0.02180943612143939 0.01912309994289768 0.02631803095579031
0.003879270477040233 0.00609308655593721 0.005046385879551933 -0.02229047765081913 -0.01869056658130177 -0.02126966304188737
0.01470018619176429 0.01505845186664776 0.01400447315215052 -0.01238442081820514 -0.009779285001590712 -0.008888339382053701
-0.001486423012252625 0.001758253212473487 0.0006701330308649827 -0.02816731047811205 -0.0239500101103386 -0.02824759165563931
0.0001126107382570145 0.002562155531005298 0.001640853695241858 -0.02139822724268102 -0.01818440180876962 -0.02111738630922319
-0.01312827509317292 -0.01394189090632553 -0.0127408037148536 0.01421423125903207 0.01131702007390422 0.01189919035508882
0.01763652000948702 0.01766506132316357 0.01652543316001796 -0.006097690099689862 -0.004912409845971002 -0.002869459446174575
0.005518008860289771 0.004922358870069604 0.004833149754891192 0.0007728733349907447 0.001108932592916536 0.002762078672490002
0.003852208194812257 0.003766576402947998 0.003586674120731703 -0.002584621658300444 -0.001860849443735584 -0.001036959797811851
0.01177179811892452 0.009911270960968657 0.009871453423512189 0.01132348909054709 0.00988464697295032 0.01380760187321685
0.01576324409457749 0.01368754582557211 0.01347654026755936 0.01089217403936282 0.009653726669492909 0.01403654659844225
0.03467375870933864 0.03275016061959407 0.03129616586812906 -5.611686362941831e-05 0.001414653203867061 0.007120782430009538
0.01156984820820036 0.01111717580444025 0.01066190272195966 -0.0003119843852423657 -4.019047952291176e-05 0.00209273217124542
0.01826305145546656 0.0186478748455036 0.0174054538659104 -0.01092347900987366 -0.008680911176729065 -0.007311244628138491
0.01547191231299733 0.01550360463071076 0.01460921491411999 -0.005681465630025809 -0.004510750079026203 -0.002646752831861187
0.01257728112346257 0.01291090337271782 0.01208713471356344 -0.00725432418576103 -0.005893936156633514 -0.004653923950215231
0.01797361537546554 0.01860222481190044 0.01727875216423865 -0.01197319254273733 -0.009666427927333708 -0.008372372498251936
0.02385804143711765 0.0239990145162572 0.02250462191321207 -0.01124047390931623 -0.008735846937400257 -0.006608439489515994
0.01142590643845415 0.01022186031422796 0.01007029304429623 0.004954075944652994 0.00471170744886679 0.007565072380506676
