13 44
13 45
13 48
13 49
13 52
13 54
13 55
14 44
14 45
14 46
14 47
14 48
14 49
14 50
14 51
14 52
14 53
14 54
14 55
14 56
14 57
14 58
14 60
15 43
15 44
15 45
15 46
15 47
15 49
15 50
15 51
15 52
15 53
15 54
15 55
15 56
15 57
15 58
15 59
15 60
15 61
16 41
16 42
16 43
16 44
16 45
16 46
16 47
16 48
16 49
16 50
16 51
16 52
16 53
16 54
16 55
16 56
16 57
16 58
16 59
16 60
16 61
16 62
17 41
17 43
17 44
17 45
17 46
17 47
17 48
17 49
17 50
17 51
17 52
17 53
17 54
17 55
17 56
17 57
17 58
17 59
17 60
17 61
17 64
17 69
18 40
18 43
18 44
18 45
18 46
18 47
18 48
18 49
18 50
18 51
18 52
18 53
18 54
18 55
18 56
18 57
18 58
18 59
18 60
18 61
18 62
18 63
18 65
18 68
19 40
19 41
19 42
19 43
19 44
19 45
19 46
19 47
19 48
19 49
19 50
19 51
19 52
19 53
19 54
19 55
19 56
19 57
19 58
19 59
19 60
19 61
19 62
19 64
19 65
19 70
20 40
20 41
20 43
20 44
20 45
20 46
20 47
20 48
20 49
20 50
20 51
20 52
20 53
20 54
20 55
20 56
20 57
20 58
20 59
20 60
20 61
20 62
20 69
21 38
21 40
21 41
21 42
21 43
21 44
21 45
21 46
21 47
21 48
21 49
21 50
21 51
21 52
21 53
21 54
21 55
21 56
21 57
21 59
21 60
21 61
21 62
21 63
22 40
22 42
22 43
22 44
22 45
22 46
22 47
22 48
22 49
22 50
22 51
22 52
22 53
22 54
22 55
22 56
22 57
22 58
22 59
22 60
22 61
22 62
23 40
23 42
23 43
23 44
23 45
23 46
23 47
23 48
23 49
23 50
23 51
23 52
23 53
23 54
23 55
23 56
23 57
23 58
23 60
23 62
24 35
24 37
24 39
24 40
24 41
24 43
24 44
24 45
24 46
24 47
24 48
24 49
24 50
24 51
24 52
24 53
24 54
24 55
24 57
24 59
24 60
25 35
25 37
25 39
25 40
25 41
25 42
25 43
25 44
25 45
25 46
25 47
25 48
25 49
25 50
25 51
25 52
25 53
25 54
25 55
25 57
26 35
26 36
26 37
26 40
26 41
26 42
26 43
26 44
26 45
26 46
26 47
26 48
26 49
26 50
26 52
26 53
26 54
26 55
26 56
26 57
27 33
27 34
27 35
27 36
27 37
27 39
27 40
27 41
27 43
27 44
27 45
27 47
27 49
27 50
27 53
27 55
27 57
28 30
28 32
28 34
28 35
28 36
28 37
28 38
28 39
28 40
28 43
28 44
28 49
28 50
29 26
29 28
29 30
29 31
29 32
29 33
29 34
29 35
29 36
29 37
29 38
29 40
29 44
29 52
30 20
30 21
30 22
30 24
30 25
30 26
30 29
30 30
30 31
30 32
30 33
30 34
30 35
30 36
31 21
31 22
31 24
31 26
31 28
31 30
31 31
31 32
32 19
32 21
32 22
32 23
32 24
32 25
32 26
32 27
32 28
32 29
32 30
33 18
33 19
33 20
33 21
33 22
33 24
33 25
33 26
33 27
33 28
33 30
33 32
33 43
33 44
33 48
33 50
33 52
34 18
34 19
34 20
34 21
34 22
34 23
34 24
34 25
34 26
34 30
34 44
34 47
34 48
34 49
34 50
34 52
35 17
35 18
35 19
35 20
35 21
35 22
35 23
35 24
35 25
35 43
35 44
35 45
35 46
35 47
35 49
35 50
35 51
35 52
35 53
36 16
36 17
36 18
36 19
36 20
36 21
36 22
36 23
36 24
36 25
36 26
36 40
36 43
36 44
36 45
36 46
36 48
36 49
36 50
37 15
37 16
37 17
37 18
37 19
37 20
37 21
37 22
37 26
37 43
37 44
37 45
37 46
37 47
37 48
37 49
37 50
37 52
38 16
38 17
38 18
38 19
38 20
38 21
38 22
38 23
38 24
38 43
38 44
38 45
38 47
38 48
38 49
38 50
39 15
39 16
39 17
39 18
39 19
39 20
39 21
39 22
39 23
39 45
39 46
39 48
39 51
40 16
40 17
40 18
40 19
40 20
40 21
40 22
40 23
41 15
41 17
41 18
41 19
41 20
41 21
42 15
42 17
42 18
42 19
42 21
43 16
43 17
43 18
43 19
43 21
44 17
44 19
45 15
45 16
45 19
45 21
45 53
45 54
46 17
46 19
46 21
46 53
46 54
46 60
46 62
47 17
47 18
47 19
47 20
47 53
47 54
47 55
47 57
47 60
47 61
47 62
48 11
48 13
48 15
48 17
48 19
48 21
48 53
48 55
48 57
48 58
48 59
48 60
48 61
48 62
48 63
48 64
48 65
49 13
49 15
49 16
49 17
49 19
49 20
49 21
49 22
49 54
49 55
49 56
49 57
49 59
49 60
49 61
49 62
49 63
49 64
49 65
49 66
49 67
49 68
50 10
50 12
50 13
50 14
50 15
50 16
50 17
50 18
50 19
50 20
50 21
50 22
50 23
50 54
50 56
50 57
50 58
50 59
50 60
50 61
50 62
50 63
50 64
50 65
50 66
50 67
50 69
51 11
51 12
51 13
51 14
51 15
51 16
51 17
51 18
51 19
51 20
51 21
51 22
51 23
51 58
51 59
51 60
51 61
51 62
51 63
51 64
51 65
51 66
51 67
51 68
51 69
52 10
52 12
52 13
52 14
52 15
52 16
52 17
52 18
52 19
52 20
52 21
52 22
52 23
52 24
52 55
52 57
52 58
52 59
52 60
52 61
52 62
52 63
52 64
52 65
52 66
52 67
52 68
52 69
52 71
53 9
53 11
53 12
53 13
53 14
53 15
53 16
53 17
53 18
53 19
53 20
53 21
53 22
53 23
53 55
53 56
53 57
53 58
53 59
53 60
53 61
53 62
53 63
53 64
53 65
53 66
53 67
53 68
53 69
53 70
53 71
54 10
54 11
54 12
54 13
54 14
54 15
54 16
54 17
54 18
54 19
54 20
54 21
54 22
54 23
54 24
54 25
54 54
54 55
54 56
54 57
54 58
54 59
54 60
54 61
54 62
54 63
54 64
54 65
54 66
54 67
54 68
54 69
54 70
54 71
55 9
55 10
55 11
55 12
55 13
55 14
55 15
55 16
55 17
55 18
55 19
55 20
55 21
55 22
55 23
55 24
55 25
55 54
55 55
55 56
55 57
55 58
55 59
55 60
55 61
55 62
55 63
55 64
55 65
55 66
55 67
55 68
55 69
55 70
56 10
56 11
56 12
56 13
56 14
56 15
56 16
56 17
56 18
56 19
56 20
56 21
56 22
56 23
56 24
56 25
56 26
56 27
56 54
56 55
56 56
56 57
56 58
56 59
56 60
56 61
56 62
56 63
56 64
56 65
56 66
56 67
56 68
56 69
57 10
57 11
57 12
57 13
57 14
57 15
57 16
57 17
57 18
57 19
57 20
57 21
57 22
57 23
57 24
57 25
57 26
57 27
57 53
57 54
57 55
57 56
57 57
57 58
57 59
57 60
57 61
57 62
57 63
57 64
57 65
57 66
57 67
57 69
58 11
58 12
58 13
58 14
58 15
58 16
58 17
58 18
58 19
58 20
58 21
58 22
58 23
58 24
58 25
58 26
58 27
58 55
58 57
58 58
58 59
58 60
58 61
58 62
58 63
58 64
58 65
58 66
58 67
59 12
59 13
59 14
59 15
59 16
59 17
59 18
59 19
59 20
59 21
59 22
59 23
59 24
59 25
59 26
59 28
59 30
59 53
59 54
59 55
59 57
59 58
59 59
59 60
59 61
59 62
59 63
59 64
59 65
59 66
59 67
60 11
60 12
60 13
60 14
60 15
60 16
60 17
60 18
60 19
60 20
60 21
60 22
60 23
60 24
60 25
60 26
60 54
60 55
60 56
60 57
60 58
60 59
60 60
60 61
60 62
60 63
60 64
60 65
60 66
60 67
60 68
61 12
61 13
61 14
61 15
61 16
61 17
61 18
61 19
61 20
61 21
61 22
61 23
61 24
61 25
61 26
61 28
61 30
61 53
61 54
61 55
61 56
61 57
61 58
61 59
61 60
61 61
61 62
61 63
61 65
61 67
62 12
62 13
62 15
62 16
62 17
62 18
62 19
62 20
62 21
62 22
62 23
62 24
62 25
62 26
62 27
62 53
62 54
62 55
62 56
62 57
62 58
62 59
62 60
62 61
62 62
62 63
62 65
62 67
63 13
63 14
63 15
63 16
63 17
63 18
63 19
63 20
63 21
63 22
63 23
63 24
63 25
63 26
63 27
63 30
63 34
63 35
63 37
63 43
63 44
63 45
63 46
63 53
63 55
63 57
63 58
63 59
63 60
63 61
63 62
63 64
64 14
64 15
64 16
64 17
64 18
64 19
64 20
64 21
64 22
64 23
64 24
64 25
64 27
64 30
64 32
64 33
64 34
64 37
64 38
64 40
64 41
64 44
64 45
64 46
64 48
64 49
64 50
64 51
64 53
64 54
64 55
64 57
64 58
64 59
64 60
64 61
64 62
64 64
65 15
65 17
65 18
65 19
65 20
65 22
65 23
65 24
65 25
65 28
65 35
65 36
65 37
65 39
65 41
65 43
65 44
65 45
65 46
65 47
65 48
65 49
65 50
65 51
65 53
65 54
65 56
65 57
65 58
65 59
65 60
65 61
65 62
65 63
65 64
65 65
65 66
66 17
66 18
66 19
66 20
66 21
66 22
66 24
66 25
66 34
66 35
66 36
66 37
66 38
66 39
66 40
66 42
66 44
66 45
66 46
66 48
66 49
66 50
66 51
66 53
66 55
66 57
66 58
66 59
66 60
66 61
66 62
66 63
66 64
66 65
66 66
67 17
67 18
67 19
67 20
67 21
67 22
67 23
67 24
67 34
67 35
67 36
67 37
67 40
67 44
67 45
67 46
67 48
67 50
67 52
67 54
67 55
67 56
67 57
67 59
67 60
67 61
67 62
67 63
68 17
68 18
68 19
68 20
68 21
68 22
68 23
68 24
68 25
68 27
68 33
68 35
68 36
68 37
68 38
68 39
68 41
68 42
68 43
68 45
68 48
68 49
68 55
68 60
68 61
69 17
69 19
69 20
69 21
69 22
69 23
69 24
69 25
69 33
69 35
69 36
69 37
69 38
69 39
69 40
69 41
69 42
69 43
69 44
69 45
69 47
69 49
69 53
69 55
69 57
69 60
70 20
70 21
70 22
70 23
70 24
70 25
70 29
70 36
70 37
70 40
70 42
70 43
70 44
70 45
70 46
70 48
70 50
70 54
70 56
70 60
71 22
71 26
71 33
71 35
71 37
71 39
71 40
71 43
71 44
71 45
71 48
71 50
71 57
72 35
72 37
72 43
72 45
72 48
72 50
73 44
