-0.0288940605387139 -0.0226342271325799 -0.02198209872411574 -0.0002162934972772504 -0.004563070156938 -0.008603656538597671
-0.01627627186219571 -0.01292529412558546 -0.01257781757191458 -8.998969050858322e-05 -0.002654599020226435 -0.004960731568403947
-0.01823593289453887 -0.01452356908782196 -0.01419499156111611 0.0007932806949218315 -0.002022759962106361 -0.004386744185980423
-0.01760807952393805 -0.01396711912273416 -0.01357831105605988 -0.0001267825502538189 -0.00287620257497806 -0.005316676265731542
-0.01964068231702673 -0.01508499217737198 -0.01431005687169136 -0.004793127034638375 -0.007988530554542102 -0.01178048125694203
-0.0342738012540637 -0.02676696519746047 -0.02602829687172981 -6.558737291724355e-05 -0.005199815761376229 -0.009998119300408797
-0.02010047812780374 -0.01494959625584745 -0.01379359722504054 -0.009730076791331572 -0.01313475665238868 -0.01811056665104301
-0.02463474677017978 -0.01923545712757099 -0.0186497907246521 -0.0008671382038173081 -0.004625030712588966 -0.008263760431997877
-0.02179233784089566 -0.01693610885988166 -0.01632844558735306 -0.001988631217239917 -0.005365006839543337 -0.008825440652701027
-0.01373250111407686 -0.01146114027491869 -0.01154547358449386 0.004858909141469099 0.00274666419769717 0.001921998219110424
-0.01455218987238173 -0.01198186306914981 -0.0119761912514535 0.003914259754972751 0.001691257282518752 0.0005844172802781815
-0.0134514858452591 -0.01100702954129055 -0.01091828463263963 0.00237960178944349 0.0002349036390551892 -0.001101804358979606
-0.01844329708018961 -0.01455372675308665 -0.01411354993588719 -0.0007428540151914193 -0.003716368695374743 -0.006462411495593232
-0.02256017285808083 -0.016633110550584 -0.01523348792295626 -0.01250811095424758 -0.01637541841697865 -0.02225196811738065
-0.01433183228489749 -0.01130327807623211 -0.01091263037535261 -0.001270714072773862 -0.003613129050277224 -0.005834917031400764
-0.0119718352166043 -0.009802423059212338 -0.009730142618679865 0.00223413482642712 0.0003212711226091379 -0.0008130098027617961
-0.01795095631344617 -0.0148196249799309 -0.01490730979282799 0.006202749073388979 0.003555123390406462 0.002506768715842501
-0.01867132352296075 -0.01499818746593323 -0.01476966015057038 0.002067167565733081 -0.0008031774143899539 -0.002876827986540884
-0.02282677811195599 -0.0177551583607453 -0.01707648788671457 -0.00275375859041755 -0.006426229942505983 -0.01021774692932928
-0.01557311219843787 -0.0123669939028863 -0.01201837547119103 -0.0004511051187077466 -0.002973454878039644 -0.00513786182822928
-0.01996369343514024 -0.01513309630710013 -0.01422993923216622 -0.006379911848184592 -0.009746563874536724 -0.01395679627104043
-0.006745504054480398 -0.005573817458526442 -0.005368820626189863 -0.001108926639278949 -0.002284251167599563 -0.003163182802116243
-0.001293384286182002 -0.001792829880616136 -0.00207046447101537 0.003682387578887467 0.003352290651413707 0.004255161021033748
-0.002425191510644665 -0.002771449901349985 -0.003125031061504965 0.005038758282002715 0.004582472863893385 0.005600331144533454
-0.005554099537728749 -0.005308806596798253 -0.00576918859687844 0.007635608889418111 0.006859088892139753 0.007841384777440865
-0.009355184541559314 -0.008572466117486275 -0.009160087105020824 0.0102470181316065 0.008923627246144181 0.01005877122639891
-0.0131484899228607 -0.0108230666092898 -0.01074991921552775 0.002372191904660542 0.0002202793098726222 -0.0009033756037167694
-0.01016702323745572 -0.008515228559822471 -0.008520564102040351 0.002933114877408802 0.00122892662573692 0.0005241088112390666
-0.01428233515037739 -0.01038119038046195 -0.00930014506082179 -0.01068522256789013 -0.01340214481641111 -0.01773643148279709
-0.004351511058556965 -0.003753196383946064 -0.003667580600541131 -0.0002218841017936488 -0.001052125215548426 -0.001422662543022951
-0.003002354985672447 -0.002575939160919686 -0.002389961753820415 -0.002025855491139393 -0.002709419830121446 -0.003255672034171071
-0.003497539670051487 -0.003139482877245798 -0.003065960380691072 -0.0003856062638762113 -0.001100165405489813 -0.001302102707858839
-0.003468851913750408 -0.003450084142431642 -0.003642103920055336 0.003283149075069832 0.002637556912690903 0.0032000238333848
-0.00636058238810744 -0.006023536051121109 -0.006476400912102906 0.007688726139853486 0.006721038289038382 0.007748652117185029
-3.127713896295009e-05 -4.184509730414939e-05 0.000289036705652377 -0.004664705180096406 -0.005122489442343232 -0.00589786341604577
-0.01061261458406642 -0.007691988554053931 -0.006787152305920116 -0.009218035570039964 -0.0114082291031155 -0.01491644247293033
0.006070175583060488 0.004968720385217278 0.005304252639942076 -0.006529925468398323 -0.005917962181255789 -0.006158010636343076
0.004027987105980814 0.002576660975870798 0.002355731787532291 0.001512314698012364 0.001991043242061495 0.003253119962744248
0.0005931049176086708 2.789868293699543e-05 0 -0.0002017884746301685 -0.0003387575937505876 1.582816622971562e-05
0.00315245256404911 0.001453205474659982 0.0008824844864201301 0.006490231041191741 0.007013719708966604 0.009281552735690769
0.006740952199657492 0.004731682701245648 0.004520679126820852 0.0005766483397471745 0.001259635896006246 0.002591276448937528
0.004490356881660221 0.003096433440150829 0.003018106678083686 -0.0003529627409584356 1.290724963700403e-05 0.0008536208997844245
0.009856454138824631 0.007439573077276392 0.00727203552197013 -0.000699239587544536 0.0006295118072293103 0.002169971153454367
0.005399925803815222 0.004936113513944237 0.005614959270358196 -0.01104620504948186 -0.01070395716176807 -0.0121945141260667
0.004386163311475978 0.00391849193521628 0.004469728740341569 -0.009096267742381318 -0.008761544732424867 -0.009806453209906196
0.007062927403329203 0.005296876618410556 0.005298828691616599 -0.002625916852852172 -0.001797757183950752 -0.0009787990712428476
0.00738723867959717 0.005163822021198056 0.004844895651751032 0.001844466221977112 0.002804351029699244 0.004609661941014919
0.002578854356356051 0.001930317649122774 0.002133665076024759 -0.00386336343722252 -0.003760248803763749 -0.00383112421202155
0.005205710899988904 0.003145199483041596 0.002565461804094667 0.006108401596096778 0.006853298611061889 0.009187064464369253
0.008899367728344057 0.007360281953437926 0.007758719415058341 -0.008071559970358667 -0.007235807679743835 -0.007616272896122467
0.002204428527518211 0.002056237792730964 0.002509715778769411 -0.007143389760445962 -0.007028894981712151 -0.007892108554459272
0.001874924686595989 0.002277901902130778 0.003076557360278107 -0.01159177736385033 -0.01169287069446398 -0.01368557811074945
0.003487900735771718 0.003209562352998319 0.003745897389976169 -0.008641599403753853 -0.0084364573994542 -0.009571735811308319
0.00778270739377663 0.005860242025107801 0.005785122672920495 -0.001605743135282031 -0.0005907016686799224 0.0005369354239303715
0.0001977269591593344 -9.5297011342697e-05 0 -0.001922341329722834 -0.002044185915572385 -0.002023848869180993
0.009748357539024127 0.007195924675061957 0.006915959127299949 0.0008440934989673144 0.002138387991160846 0.003972420921717774
0.009844149054375771 0.007846892339957881 0.008030993537278912 -0.005300540826514108 -0.004213304491043198 -0.003777500957329148
-0.005095408080267353 -0.003269724722974115 -0.002449081639698747 -0.01003783884194706 -0.01110834406654373 -0.0137621280282363
-0.00663220770053287 -0.004379300273614444 -0.003424705750085801 -0.01136157715582871 -0.01266168287589605 -0.01573820820748108
-0.003622111663324611 -0.003112266884104199 -0.002990088608515649 -0.001278441508908814 -0.00186882677231755 -0.002154689715827627
-0.005260291627733647 -0.004040110323192636 -0.00362683248909719 -0.00461505351634102 -0.005561057550864142 -0.006868288266495245
-0.005377405519603771 -0.004004398792551149 -0.003475644323929324 -0.00620617402052425 -0.007239681066060116 -0.008875077498172354
0.00366933914732758 0.003241503238496842 0.003687118936606143 -0.007329728436690351 -0.007121911995582871 -0.007931746636328684
-0.0153502022161389 -0.01364321113972864 -0.01463306772470526 0.01763689479330795 0.01588809394780669 0.01782131408229037
-0.01303725481678373 -0.009970111942068236 -0.009426828076418352 -0.004069694202308746 -0.006103782591446144 -0.008522002670127225
-0.02281630256033592 -0.01738830208028715 -0.01653986198904915 -0.005599464140133142 -0.009078806050002589 -0.01321279012836586
-0.01464806009300634 -0.01096188222835349 -0.01014563181184859 -0.007431798750332829 -0.009788367224034767 -0.0131044452498449
-0.01069912438096885 -0.008060273412202912 -0.007439045192676024 -0.005935194153723369 -0.007680681598170106 -0.01010884762865605
-0.005621487625179193 -0.004220663776479826 -0.003746247210677563 -0.005431670727709753 -0.006459769822404632 -0.007996192169460792
-0.009018291914341081 -0.007211208470862472 -0.007010863119142475 -0.0007435622106426097 -0.002121228228846402 -0.003197716247729931
-0.0009268472026335795 0.0001407595440926416 0.00102414291491324 -0.01188022337320211 -0.01248381868175188 -0.01498804846255873
-0.02197031637391788 -0.01949820970211835 -0.02094882919794765 0.02552737791832107 0.02301683345068727 0.02574630041753128
-0.027673467896306 -0.02450216033466841 -0.02630568245746615 0.03209014919052919 0.02892882729132419 0.03221668547933828
-0.02271594074083908 -0.02003066890201818 -0.02142716582846463 0.02496724733201697 0.02233000428573226 0.02482856723427166
-0.01763676257912988 -0.01437750313438799 -0.01445671835890748 0.005141856997925697 0.002686490769201294 0.001646147956440897
-0.01646932552908347 -0.01280939884662533 -0.01233214729931778 -0.002851460474679446 -0.005352982561549578 -0.007899655629925095
-0.008181971145313298 -0.007491883215848597 -0.008077875330190259 0.009339931196351285 0.008320385046470558 0.009540070357579084
-0.02936524143089566 -0.02604168437949862 -0.02803435302474738 0.03507414744731357 0.03170253402226951 0.03535508012416622
-0.003320238001122966 -0.001196669376198741 0.0001649674292234618 -0.0196221905001749 -0.02090904231345498 -0.0257445418377172
0.0003161613597043339 0.001610225573160954 0.002883349175051301 -0.01931685340375417 -0.02000807671723636 -0.02420686674430808
-0.00148826273793798 -9.442590361606167e-05 0.000981705342056892 -0.01624099552014737 -0.01710774783451762 -0.02089135060888263
-0.003784061430472971 -0.002161612134364592 -0.001264712166448328 -0.01307650719625915 -0.01412572470445441 -0.01743755946599266
-0.008336682732807348 -0.007595976402507871 -0.008186075079251698 0.008488400221657755 0.007381717095437887 0.008159392246042126
-0.008652267628519733 -0.007655084337062541 -0.008036527908488614 0.005033163090285686 0.003881973055885838 0.004090168392109585
0.0004655024349555791 0.001565862089373332 0.002708854447617497 -0.0180284163827969 -0.01863839876358521 -0.02250859555823624
-0.0008257006678987859 0.0009327732379900875 0.002442390086726743 -0.02327438947895585 -0.02422042534612125 -0.02931688788332931
-0.002501570672966967 0 0.001843319502838644 -0.02725771456945105 -0.02848819690538788 -0.03463824614118174
0.001224008471222361 0.001689286207192942 0.002452465607549194 -0.01304257176477877 -0.01334836477083741 -0.01595186603114182
-0.001671662300285868 -0.001624566222841871 -0.001563470020725773 -0.003566256816260568 -0.003991811347329392 -0.004601162971785986
0.001370863258710457 0.0005087991872757181 0.0002974775399020037 -0.0007276811780292091 -0.0006240743568215247 -0.0002083494862367513
-0.009528720434921518 -0.007078113550051945 -0.00637244003647811 -0.01012323268309811 -0.01184548746578152 -0.01499383504481504
-0.00532250695195189 -0.005203411517854094 -0.005769863125230417 0.006998809497900009 0.006360016092156844 0.007407193162444048
0.002237549071337536 0.002627926065963177 0.003508735282457864 -0.01582393827199564 -0.01609567472499531 -0.01914949040350197
0.00350436798704918 0.003656456889245369 0.004553112501030456 -0.0163334369310063 -0.01641121372016755 -0.01938910537483931
0.006753896483279964 0.005601545133460031 0.005977672301209394 -0.01011882923889067 -0.009533893806265613 -0.01066093046481394
0.007443467591355107 0.005530330240907819 0.005428318138854101 -0.004071749251051161 -0.003170187258417567 -0.0027275383974996
-0.0006300054701929433 -0.0001393237237666132 0.0004556508277134868 -0.01174233434861426 -0.01223066194909375 -0.01444848550019226
-0.0002354016978812926 -0.00126713777970767 -0.001941990521293738 0.006578175836518745 0.006692969647262624 0.008381109227675486
-0.007622020708577741 -0.006232283027143468 -0.006094547381166236 -0.002728418428636588 -0.003938356746261184 -0.005236046991340414
0.0004266064278377261 -0.00119396573193533 -0.002265301706181395 0.01250266513466129 0.01280441179655977 0.01567634702266309
-0.001339266397616767 -0.001311152503164142 -0.001220610268553335 -0.004094586935222797 -0.004386495441706724 -0.005003375792663078
-0.003289242208164742 -0.001846503790232319 -0.001016049381120749 -0.01388622222748379 -0.01486036340383036 -0.01822310453563719
0.002290762536713938 0.002534669426651255 0.003283528735418081 -0.01414272223222878 -0.01429300363320212 -0.0169325697083471
0.003585467882716999 0.003446153619414426 0.004148699246473349 -0.01443185138513877 -0.01438025584114386 -0.01681385000432833
0.007843259613432886 0.006843298944925389 0.007526496423847539 -0.01512746069629125 -0.01443270840201547 -0.01635517364550199
0.004875932005022804 0.003420079310573384 0.003269907703796315 -0.003093666489438391 -0.002511882774792485 -0.002277835478042809
0.00235165101244655 0.001654193568148597 0.001705090622085911 -0.004742736296756884 -0.004556322126286787 -0.004955057666457075
0.0005155235237935962 -0.0002280247160630144 -0.0004772108413269553 -0.0007512602669616618 -0.0006983411846559816 -0.0003414386610458438
0.00160994599235302 0.0001645712190801466 -0.0004998112534215232 0.005181726427372763 0.005568110149480087 0.007365786676061078
-0.009101039525905436 -0.006144034401317995 -0.005001375172027527 -0.0161675573999026 -0.01793984970222314 -0.02250808599793725
-0.001225530968307256 -0.001062036356932634 -0.0009326125917563964 -0.005370289204818769 -0.005703662203089572 -0.006819288771204178
0.003795776505078249 0.002703305625400514 0.00265709521487845 -0.004470129292213684 -0.004041678344669264 -0.004217413013166841
0.004698853408121416 0.003789105977125637 0.004040453422017095 -0.00884902390452273 -0.00837425406411176 -0.009346971643414807
0.007548961917725849 0.00524492071317774 0.004863929524457349 -0.001035280563640065 7.17501900909451e-05 0.001344053471044942
0.003163757259572401 0.001391916965171894 0.0007133252033585933 0.004610459657022664 0.005246797507437099 0.007059954633545308
-0.002236550929783261 -0.002270089604466344 -0.002396932657079777 -0.001465697633240072 -0.001768751742175528 -0.001938399260654532
0.0006350894553734599 0.0007238367292248084 0.001173029241985659 -0.01017611710659509 -0.01027631895740131 -0.01192136555448564
-0.00110430919453334 -0.0009355921790699163 -0.0007105778127374775 -0.006167316345594799 -0.006419372501078593 -0.007479860310892251
-0.003529217238634858 -0.001628351167557918 -0.0004694067998433456 -0.01703189228875549 -0.01797071048068949 -0.02202733753252935
0.0006081117530389842 0.001688695496128721 0.002850290683652359 -0.01792396945920964 -0.01834995872004654 -0.02212124487911651
-0.0004924575436786545 -0.0006823551277070051 -0.0007067483590148347 -0.003498006281859535 -0.003651592573912767 -0.004233606916229652
0.004407349664859909 0.003024870329638958 0.002868363936268577 -0.003539355350666489 -0.002892373792089473 -0.002607650627664655
0.004325217321771963 0.002175223997170268 0.001292048691609556 0.007990123409829727 0.008921818826180308 0.01155639919672108
0.004028349111558403 0.002032825933712889 0.001254001784198977 0.006808150784075619 0.007635003329296742 0.009964895699990116
-0.0002871594711528802 -0.000118330731501109 0.0002518790375468688 -0.009247316244414603 -0.009369398519972403 -0.01084873200604696
-0.001020320072817235 -0.001327104203320419 -0.001449939291649521 -0.001698470529356324 -0.001772376875149605 -0.001808513098993196
-0.00362875867823741 -0.001895478145961371 -0.0008620542495226962 -0.01608948933646339 -0.01694282048795987 -0.02063587768253925
-0.001354852242344862 5.565207907558689e-05 0.001180127758220986 -0.0169123541073972 -0.01754225247478635 -0.02130255311515748
0.002353413085777413 0.0008292155532946069 0.0001935903922079795 0.004000045904920564 0.004621329166628522 0.006301457346602201
0.006371502155619184 0.004314403437032043 0.00393757946079068 -0.001130097437309361 -5.612843402080718e-05 0.001113123150888625
0.0003343142435509987 0.0003343981779383327 0.0006490143181635977 -0.008022606782156829 -0.007988050329733912 -0.00924092374194832
0.004025822578204671 0.00346265596705892 0.003891463408967796 -0.0104295079278256 -0.01000291147164138 -0.01135154581282769
0.002254748182912217 0.001908475578534812 0.002205455325124484 -0.008152326956146354 -0.007814593964038413 -0.008794415064402813
0.005033784147182535 0.003745050193532278 0.003772495376189156 -0.005752951464138943 -0.004893382243699711 -0.004836258272853473
0.002454501227048957 0.002557815569176514 0.003234182039468016 -0.01286692448044752 -0.01269559596832606 -0.0148281414798434
0.000317469417107122 0.001418844374900123 0.002561422128465181 -0.01864221988344209 -0.01890859726758026 -0.02259661128516162
0.00204016298763816 0.003492707561262313 0.005174893594537378 -0.02599593138401647 -0.02619391703651384 -0.03130202077917642
0.01135417712967017 0.01008444688060787 0.01103974345999054 -0.01904983394071401 -0.01763348947933993 -0.01973498529947949
0.01174321716011984 0.01118321466874899 0.01275608528985093 -0.02688570733111905 -0.02572894304232566 -0.02960240334571659
0.005894513585890746 0.006181523809387764 0.007538167830755498 -0.02279677679338158 -0.02225699072414679 -0.02594566921773552
0.00464661931414744 0.005468903688373178 0.007055655971781484 -0.02538391801798672 -0.02513316936947308 -0.02966853664417868
