-0.09316231306821987 -0.07379405467306099 -0.07218913685761603 0.003952037722439643 -0.01071894390141828 -0.02414562006216968
-0.06891896094023553 -0.05553182285201119 -0.05494749219962963 0.009976038649712485 -0.001178801297739205 -0.009926779618831798
-0.04894061699657543 -0.03798062566471957 -0.03609814475010132 -0.01413526757147902 -0.02338473692397082 -0.03484961744944708
-0.03265676942975677 -0.02816693019566014 -0.02877546512839139 0.01412329268576145 0.008062488088954748 0.00521715131002316
-0.03346497844572507 -0.02791790319334922 -0.02779342078817914 0.004068127595424661 -0.00240399866808269 -0.007543638783852211
-0.03716857842291404 -0.02982043595174954 -0.02895123811381645 -0.00449683453670707 -0.01190527232526765 -0.01965543554524242
-0.08913671448104502 -0.06972148330489711 -0.06753238421562621 -0.006526697832145653 -0.02098555216444299 -0.03604311895776727
-0.009692209905262121 -0.01107412026433703 -0.01265755736139766 0.01977482026142612 0.0170135089673829 0.0187560614453135
-0.002916312295773442 -0.00389214134747183 -0.004174979671968037 0.0004330396988885809 -0.00195695197122767 -0.00360665061767132
-0.006969465243727756 -0.005944479740663095 -0.005231303010445197 -0.01130475945865354 -0.01412289390266751 -0.01832068544336617
0.005261487973151023 0.002594526215894652 0.002281489774653869 -0.0007618687190389133 -0.001654594637259213 -0.002021685909944532
-0.001846178256835622 -0.001677897549595262 -0.000957209736829878 -0.01328326264796883 -0.01540619113708528 -0.0193518764645204
-0.04678803627170226 -0.03764872205850887 -0.03712100675950641 0.002651571791778341 -0.005022295754515786 -0.01108379623998412
-0.06706987799891075 -0.05362450242150043 -0.05318251039344399 0.009605773508091726 -0.0005972090389957648 -0.007865271941464835
-0.04053957398268025 -0.03422296646828677 -0.03513397037975914 0.02015309516687743 0.01385364343303752 0.01244602620473569
-0.001320119532127232 0.002460133549499577 0.00651003274038514 -0.06259114893436546 -0.06579448997818851 -0.08114430686526963
0.009219307354219627 0.01160821951605525 0.0160846704759685 -0.07319418341202202 -0.07524965110521192 -0.09160093961713532
0.008116875393681772 0.01143333552994123 0.01651611846714698 -0.08050353091270382 -0.08269612070073135 -0.1005571130358281
-0.009659503543893293 -0.006978835626030348 -0.005249424624857704 -0.02983228223402102 -0.03311291876096423 -0.0417842479913459
0.01946937792009279 0.01620858265614435 0.01799811221097893 -0.04028171962082494 -0.03985929667272213 -0.04724981786014416
0.004089566477962436 0.002335980205566089 0.002771373482105554 -0.01772031615732147 -0.01859471693404454 -0.02287047815552205
0.01400281471116369 0.01291154845328847 0.01550872297262034 -0.04960354532198114 -0.04966836639893765 -0.05937362976380831
0.01494713035618691 0.01138373223257084 0.01217454042493476 -0.02669032501372586 -0.02590849881580188 -0.03042704506443479
-0.003148967463563211 0.001630992010169236 0.006073370467114079 -0.06838351764116767 -0.07120081367690052 -0.08731751758112063
