9 44
9 50
10 46
10 49
10 50
11 44
11 48
13 44
13 45
13 48
13 49
14 44
14 45
14 50
14 55
14 57
15 44
15 45
15 46
15 47
15 49
15 50
15 55
16 44
16 47
16 49
16 50
17 38
17 41
17 42
17 43
17 44
17 45
17 47
17 49
17 50
17 52
18 37
18 40
18 44
18 45
18 46
18 48
18 49
19 36
19 37
19 41
19 45
19 57
20 37
21 45
21 50
21 57
22 46
22 49
24 44
24 52
25 20
30 17
30 20
32 18
32 20
32 71
33 21
33 71
34 18
34 71
36 16
36 18
36 71
39 17
45 20
45 60
45 62
46 14
46 21
46 60
46 62
47 19
47 20
47 22
47 57
47 60
48 18
48 20
48 22
48 59
48 60
48 61
48 62
48 65
48 67
48 68
49 12
49 21
49 22
49 60
49 61
50 20
50 21
50 22
50 60
50 61
50 62
51 16
51 20
51 22
51 23
51 24
51 58
51 59
51 60
51 61
51 62
51 64
52 16
52 19
52 21
52 23
52 57
52 59
52 67
53 16
53 57
53 60
53 61
53 62
54 12
54 16
54 19
54 24
54 25
54 57
54 62
55 22
55 24
55 25
56 14
56 16
56 20
56 24
56 57
57 18
57 20
57 22
57 53
58 60
59 44
59 49
60 19
60 20
60 44
60 48
60 50
60 52
60 54
61 37
61 44
61 45
61 48
61 49
61 50
62 35
62 37
62 43
62 45
62 47
62 48
62 49
63 35
63 37
63 43
63 44
63 45
63 47
65 45
67 44
