-0.01651087244661295 -0.01589287190143358 -0.01504094504873016 0.003522474418285228 0.002663592904835059 0.001638485360968433
-0.02076733870529521 -0.01812511095168352 -0.01775268622872257 -0.01067859228905673 -0.009730140177906764 -0.01370529697928702
-0.01802113949722597 -0.01768069122716326 -0.01663662230060453 0.006308121593844506 0.004895490696165684 0.003929391013512307
-0.02603330136562212 -0.02376239679695117 -0.0229119239011592 -0.005940119090960957 -0.005905891067363413 -0.0101112745178218
-0.01805195552181836 -0.01583686898575448 -0.0155005799696346 -0.008763102572684527 -0.007991431682394174 -0.01143201890768687
-0.009419241886669507 -0.009035107014970074 -0.008583232781066791 0.002315684203850265 0.001849211068757078 0.00175360814702521
-0.008655384220340852 -0.007054027059555165 -0.007113864803468634 -0.008035890070000169 -0.006997745261132448 -0.008693665137383736
-0.009254835166257042 -0.00956438068119315 -0.008852688425708922 0.007251044672684863 0.006003534805651516 0.006319059183618798
0.0002674152480899974 0.0006404907382859506 0.0004268422733270672 -0.00287496588863129 -0.002196080064261765 -0.00166037329602882
-0.003892429348185214 -0.003153070320713337 -0.003202054012849387 -0.003370918769993559 -0.00282605585500684 -0.003110879663654526
-0.005015416414943279 -0.003993461946389821 -0.004082147128419912 -0.00547808126968323 -0.004667969401343361 -0.005328816774765246
0.002075299539830325 0.001236222598947329 0.001396824747657095 0.006215090403230121 0.005563574461108421 0.007442611620073496
-0.006500968742913241 -0.006812765181799196 -0.006302315419545343 0.005829938654521777 0.004848697204969531 0.005448179807550291
-0.005530698646059646 -0.004552965509267512 -0.004596002303115331 -0.004990299135286281 -0.004260449863452134 -0.004995237723486401
-0.005706913084711355 -0.004238947611253954 -0.004435227726279522 -0.008881468457508137 -0.007691922031154277 -0.00929873759508424
0.00489192388455135 0.005890303990673318 0.005163319804148638 -0.01027380530610803 -0.008457703329485328 -0.008812640871952829
-0.004244651285025701 -0.003650596959807103 -0.003658618141218905 -0.002535022331019896 -0.002241313447205421 -0.002603962314585836
-0.006091035523287476 -0.005671649988243452 -0.005466552073284894 -0.0001931787524169899 -0.0002643766910235521 -0.0005155593466294659
0.004922817807177258 0.004936191177725155 0.004565378677961703 -0.001936019934671305 -0.001363676912376243 -0.0002534309386984149
-0.003252923899100511 -0.002490643174765969 -0.00259936004982183 -0.004106526744007168 -0.003498577067288961 -0.003889193618134882
0.001356103902042452 0.001363928902172223 0.001224055581644616 -0.000167231246087162 0.0001069804940103044 0.001157502571637205
-0.005074454739244926 -0.00404041965417455 -0.004133252324815296 -0.005676713969166874 -0.004934709344546265 -0.005750858411962452
0.002467850199528264 0.00329949309078886 0.002796465118875985 -0.007591241768416713 -0.006244902035741146 -0.006554702773869853
-0.005390688497455484 -0.005223704345873705 -0.004985595915357842 0.001221201185631286 0.0009594485234989106 0.001001839959752022
0.00429566332046488 0.004326137195314141 0.00398778697365872 -0.001770378875012783 -0.001261569843855355 -0.0001881106086826307
0.003410171677990288 0.002582366832949123 0.002653018604755469 0.005702862201764003 0.005102488039642335 0.007058480157777935
-0.004874576207594927 -0.005155084357560591 -0.004766486048760252 0.004535701048535129 0.003854288625393895 0.00456789500582701
-0.004239250795933664 -0.004034298592343528 -0.00385239004647425 0.001594691047612671 0.001217703611679931 0.001658309155854255
-0.005225219158343625 -0.005171999324921471 -0.004881379072348862 0.003180811049096448 0.002587907738438153 0.003091275403092382
-0.004664458889066156 -0.004133354341644732 -0.004039314813524533 -0.001243618062813004 -0.001184233083376842 -0.00137846004920566
-0.001808584310816973 -0.002320296382496563 -0.002037957078992837 0.005921055086295509 0.005044130485534346 0.00628679970356247
-0.003530447887568239 -0.00305962336031127 -0.003048633473647409 -0.001841370537116294 -0.001686980337112172 -0.001938042413182697
-0.003337059141425375 -0.003091628438273799 -0.003008792193935717 0.0004047798157069108 0.0002657180965933469 0.0004571037984630474
-0.0004984275440264249 -0.000664623180062109 -0.0006054391552312498 0.002484230518872113 0.002197380257721984 0.003298493953166089
-0.005087943217264274 -0.00515319320474592 -0.004843935716477506 0.003788211803587913 0.003113066311303496 0.003680182161585239
0.002239419054164196 0.002527957504077775 0.002241905345061171 -0.002807011460765195 -0.002234518190314136 -0.001603305954546906
-0.002489644562926727 -0.002670284558919325 -0.002461685948257917 0.002846988662546897 0.002389287951685679 0.002995708614580095
0.0009948127935597163 0.001700957344337803 0.001355011371850419 -0.00512566478986406 -0.004333557476098157 -0.004576632392412825
-0.002029345285827102 -0.002247513839568687 -0.002039427514204622 0.004312478774967786 0.003622226347604096 0.004777877128369036
0.006624426365986287 0.006556219287233358 0.006121022193237828 -0.00152544745905831 -0.001027511392474786 0.000203156422592675
-0.001522177196856836 -0.002255379256158585 -0.001889097896885362 0.007120767729532491 0.00606094950183042 0.007329105119253498
0.0002619921636141481 -0.0002320852155740608 -8.957207776843483e-05 0.004880277751424442 0.004212120382821935 0.005670786107549303
0.0002885799627962212 -0.0001825134610030459 -5.369308705059421e-05 0.004618403294418948 0.003983567275201863 0.005403547445129022
-0.004538013023047144 -0.004898174801961221 -0.004495693565877255 0.00546767432265888 0.004547422556268274 0.005291150871680045
-0.005729206715150703 -0.004932194149561361 -0.004859762829480791 -0.002254960588441987 -0.002206840624762751 -0.00304729396901971
-0.003490995132366849 -0.002612033331086997 -0.002712930095855827 -0.003754312802222719 -0.003389186723220304 -0.003941330334732881
-0.001815918099232518 -0.001855454319643882 -0.001726154546756243 0.002764643163448326 0.002291353471922238 0.003243619896459224
0.003755486754707262 0.002987922357115457 0.003008354300503373 0.005506257040178487 0.004880467459242731 0.006869779383522677
0.00339034133375544 0.004879188416816587 0.004083534009256238 -0.01356797918157396 -0.01143943673274084 -0.01288565160260559
0.00251849121563371 0.001946137713538686 0.001994519324516321 0.005168924127432187 0.004381581435744781 0.005970090983144757
0.004482235087552875 0.003731284768518535 0.003718571691082384 0.005662984854590895 0.004940119491052903 0.006749864651445723
-0.004889433648250395 -0.004572245353995661 -0.004371906942526196 0.0006928725819675815 0.0003838613863854395 0.0003231514760878015
-0.002219736585631224 -0.001317622855073591 -0.001519450390168858 -0.005880246293197187 -0.00515977086131099 -0.006310999709933547
-7.10437166530746e-05 -0.0002566630763788849 -0.0001912631152111376 0.003574098329811207 0.002910802933344233 0.003760183219588576
-0.003757529513639367 -0.003890871090439827 -0.003584456340731524 0.004151832495682467 0.003347469512296462 0.003886165833921291
-0.001769401555017572 -0.0008981257647351326 -0.001130875451435622 -0.004197181205888193 -0.003864122129319153 -0.004648307803566715
-0.001446291649366594 -9.509834406914187e-05 -0.0005107043894126019 -0.009340885190570117 -0.0081160869631168 -0.009683568620056482
-0.01533192721453863 -0.01417393064216418 -0.01357598334176206 0.0009198467708227623 -2.10612340016063e-05 -0.001472359293570325
-0.01712209864178454 -0.01620346999409376 -0.01540552120673061 0.003660241519671491 0.002202069116646407 0.001219665566395187
-0.01645135033565845 -0.01469078046861535 -0.0142704799050948 -0.00413359257680212 -0.004454346264631689 -0.007234780970164324
-0.007309269239897815 -0.006896786171377115 -0.006593132299015312 0.003104928093622837 0.002078426007430913 0.002300841598951301
-0.01178343660415632 -0.01144466146445814 -0.01081833763912967 0.005688438492987667 0.004116661959010511 0.003771751572576916
-0.0130662811204892 -0.01219706646230919 -0.01160815655655968 -0.001103567673293999 -0.001397840886221213 -0.00324219489097406
-0.01146501339367767 -0.0114370990174837 -0.01071103126115359 0.007862484702743384 0.0059258918998287 0.005925662495371488
0.002061414726214507 0.002818866625981933 0.002455731809694462 -0.006954999320468705 -0.005763303436614828 -0.005951096373559156
-0.01033094641937776 -0.01032247912887164 -0.009648578689868022 0.008278451736779855 0.006373569469723385 0.006946223799737178
-0.001878350574334363 -0.002936985141519667 -0.002348659386827617 0.008982111311906944 0.007766134431882875 0.009481682164695518
-0.002865053203446254 -0.003149016362810048 -0.00286000084342264 0.006535075858354503 0.005182975958316082 0.006733645288528788
-0.009058230789162855 -0.00939147177495888 -0.008663809377464799 0.009958859590196545 0.007860281236019581 0.008892462021189474
0.002213255362326391 0.001802547837732421 0.001878914859302661 0.001829677534933571 0.001798041282003049 0.003010566816291596
-0.009116965480558748 -0.009936666048799642 -0.009025415779524395 0.01297880092617512 0.01051973434355528 0.01195275861059897
0.004925351366636491 0.002868815221746824 0.003335879664722761 0.01605712994254658 0.01371119132724605 0.01766219101906838
0.0006990507993948507 0.002489509595105745 0.001818322104219703 -0.01657119846251718 -0.01400902776247802 -0.01649203012746091
0.005153994247305875 0.005628866226481375 0.005175596185493365 -0.007694521825365853 -0.006202936879282632 -0.006302758939964757
-0.007845985157700318 -0.008627734278688999 -0.007801983519535317 0.01169835126271559 0.009531063069796789 0.01099845317692305
0.001813212500126373 2.404584283220899e-05 0.000605727785762805 0.01523690705780535 0.01290010287314751 0.01606547102442356
0.00457807900708499 0.005343914426933671 0.004809042655451336 -0.01013478157003066 -0.008302543143115359 -0.008802655056428303
-0.001592235464648308 -0.0003291002015174625 -0.0006504606170853269 -0.01212813388645205 -0.01024150799681034 -0.0120937606080337
-6.922515694111157e-05 -0.001948183137789263 -0.001202094171433983 0.01749025625146661 0.0146779156132924 0.01816311779680334
-0.006665450555377968 -0.00682309889468392 -0.006269992380837864 0.006659077161482684 0.005179392007474626 0.00607658772998436
-0.002924367079964601 -0.0036177800585722 -0.003119589369309424 0.008909450602733432 0.007248110519166626 0.008866978902589837
-0.003874845704460777 -0.001220611414802524 -0.001928332317219288 -0.02129984400678992 -0.01825164844081176 -0.02214444593918467
-0.003724177923486647 -0.001685505015709452 -0.002144504187432796 -0.01691851018007928 -0.01439566707934507 -0.01751004926640599
-0.002792540211194943 -0.003280070453095217 -0.002845631675079926 0.008335635594545083 0.006787622376791579 0.008669576766486678
0.00482058839871116 0.003758071662930943 0.00390952718477943 0.009734921906796153 0.008143860551933264 0.01135964397943564
0.002739926761183615 0.001241177686621985 0.001699056275310658 0.01394558048885566 0.01165030212277812 0.01516707874478389
-0.004970905332772299 -0.002017090660773149 -0.002735369196903102 -0.02362303462755366 -0.02022621856317253 -0.02460967917997526
0.002621814698161935 0.004655833410399452 0.003792692516422354 -0.01987274984306274 -0.01668327486208847 -0.01920888400220927
-0.004775639212569458 -0.005251819256117296 -0.00465470156246505 0.0039858397831765 0.003479391208501376 0.003971542064660639
-0.01193949419657679 -0.01083593983215194 -0.01039866747163416 -0.006279338495940307 -0.005571771229807252 -0.008068954630473113
-0.004042511332052728 -0.00379872089385559 -0.003529611986398706 -0.001934926812580407 -0.001521549724732122 -0.001765726866703523
0.01336680989948345 0.01311728369351287 0.01233003389266572 -0.006273309249585223 -0.004452559652049228 -0.002909919208785799
0.006973447831491976 0.007552703870085999 0.006945552244790074 -0.008383764586720601 -0.006665966114002185 -0.006442502004463431
0.001014174496191928 -0.001601296228066192 -0.0006439333415742383 0.022181401769766 0.01890905068536664 0.02334770482210272
0.007567613693214162 0.007650954367041356 0.007170350438427293 -0.001178220904565756 -0.001063334388203361 0.000559122777262671
-8.077290791799369e-05 -0.000351817669036374 -0.0001771400773367989 0.005048080339859469 0.003940664217307598 0.005399683283609404
-0.005262753260126681 -0.003412728642953416 -0.003670907158502272 -0.015224380460933 -0.01296752298919235 -0.01583845104331484
0.0003026133493046249 0.001145813035989066 0.0009023803420326925 -0.008649421294590303 -0.007126061729025355 -0.007953657069731548
0.008999215003862412 0.008796649553929997 0.008333248601782894 0.0005639648940050807 0.0006068921903615395 0.002897140918123118
0.007143501811565763 0.00631169043032154 0.006209307387719132 0.006388263415672878 0.005456013481322027 0.008286243721021923
0.01094758364145469 0.00913962119026461 0.009155266098810996 0.0124064600216215 0.01074358219056838 0.01499878679085236
0.001391792708740749 0.002652643317886479 0.00218276390715978 -0.01283888555416355 -0.01063970467526086 -0.01203536499916007
-0.004266708763978774 -0.003565368644512905 -0.003453148010533481 -0.005661640797944338 -0.004728996930916858 -0.005688583242420036
-0.008655172459529908 -0.007360559463680896 -0.007204541632334486 -0.008025875442392716 -0.006963543517050748 -0.009093812480823703
0.006122780360859126 0.004315697054408828 0.004632196593064852 0.01345957353076568 0.01165949384731165 0.01547772830850677
0.008526421845081124 0.007979052805786264 0.007691919033814082 0.003467276230480544 0.003082007893682469 0.005691898939336389
-0.0006078157992698388 -0.0006566593274079343 -0.0005267723780255563 0.003786500066679274 0.002920675607699753 0.00415838234713478
0.009021181035422701 0.008296104781486161 0.008035428500499897 0.004526920458817931 0.003922736103681173 0.006712986804601135
-0.001685550910832768 -0.002490092421774336 -0.002010472253860881 0.00975995814095401 0.00797341678949676 0.009773789216001534
-0.00677337861195686 -0.006339226625451489 -0.00595658544308205 -0.002459090859495361 -0.002063168454231567 -0.003097507203127189
0.005308956021190376 0.005300439315054747 0.005052294377166784 -0.004369183493007104 -0.003228136682327853 -0.002667254343349539
-0.001823544009464059 -0.0001064998309013591 -0.0005381522276535823 -0.01496239013340011 -0.01258541880052663 -0.01483598515050015
-0.002298160644392985 -0.001968872499345423 -0.001836612748609875 -0.003286118832190846 -0.002616723881963313 -0.002875259057905265
-0.005796253204833462 -0.005299697829853157 -0.005012272890578161 -0.003140805159337021 -0.00261771200171637 -0.003500486984681992
-0.0003755276333219324 0.0009637850220184363 0.0005571559578611596 -0.01160506049734264 -0.009749612757353933 -0.01120366336639733
0.006288401047957512 0.004701423700411006 0.004938257317824588 0.01192816328140973 0.01039994569888608 0.01421898121817452
-0.005146188127856959 -0.005363423982593386 -0.004872654974800465 0.007120500628534576 0.005667316997720578 0.006826348474211435
0.002669612975258783 0.002768644650394756 0.002644629434357585 0.001730034095572205 0.001326524760545513 0.00285342044978839
0.008936454495992448 0.008235112573533857 0.007994641488546828 0.004988707836451161 0.004337843890609848 0.007215792205700606
-0.005562061820103307 -0.004579938291353948 -0.004491097640794412 -0.006762739288612375 -0.005766861412015296 -0.007403978786692131
6.73863173236154e-05 0.0002423432539254556 0.0002810527793247599 -0.002771041571119899 -0.002084482338653912 -0.002039253094879215
0.01019524874481373 0.01184267186715356 0.01058532520774548 -0.01853895489636099 -0.01524076505130408 -0.01654306769560763
0.001153346574514672 -0.000179644571180183 0.000306802138097694 0.01267722578564275 0.0108051485136382 0.01385782725410445
0.006167154540075737 0.006217346115490479 0.005887859043866992 -0.004901401300151825 -0.003699327298597644 -0.003191688110350966
0.004309920154769009 0.003721792684523641 0.003785927489661809 0.002120502229940043 0.002303459181651909 0.003789680477840294
0.005834815089568156 0.006975059600575251 0.006226935290444722 -0.01344161515837836 -0.01101971093513868 -0.01194554849252157
0.003081997190117595 0.003488160501733215 0.003245702686099989 -0.005512443289230194 -0.00428669600605013 -0.004233137521976475
-4.78971407400334e-05 -0.002118218587927034 -0.001273454075884655 0.01850502558199867 0.01575316682140669 0.01966841331316101
-0.006256771700179241 -0.007175753155105786 -0.00635116229082032 0.01218287748605892 0.01009678836205437 0.01207616295118185
0.001128226426660656 0.0005308067178211967 0.0007582190274129602 0.006760204598394836 0.005729214895033959 0.007897696070986053
0.01003853135028464 0.0098561957960172 0.009330878673863003 -0.0006834232475851853 -0.0003389389665522707 0.001751519350303529
0.01131162981189771 0.01025489526327607 0.009993828797039857 0.006238675175356001 0.005631745649827188 0.009158877316142943
-0.001564251801596751 -0.000927417493139739 -0.0009541627714387862 -0.005411472655164467 -0.004510568884476838 -0.00529601528481983
0.006557434120756139 0.0071743692685465 0.006586906696628165 -0.008765217456564268 -0.006972968772874085 -0.00710694632014708
0.006826770928701556 0.00550454608232216 0.005644137387639682 0.01028634532900796 0.008923710698209821 0.01259612318421839
0.01283129590555481 0.0118524160414107 0.01144891512894478 0.004583743487127864 0.004260760388440589 0.007736232687941654
0.01469442832451431 0.01420163861110298 0.01350460839328518 -0.0003741599288156123 0.0001724798909981466 0.002992761285453889
0.008697778896760235 0.007795448825177587 0.007611783116252812 0.005337221008553059 0.004724599423222037 0.007649519854892845
0.0006280113980956014 -3.824314068383311e-05 0.0002528559074845689 0.007584568611442266 0.006260212670236805 0.008535158554561613
-0.002148847901072233 -0.001078040503255839 -0.001257610781545761 -0.005237585360465639 -0.004753991304186572 -0.005036675061756342
0.009313364202791035 0.008979653732092981 0.008587552783293451 0.001021960448485185 0.001063358644480223 0.003389252531267914
0.006499116274921174 0.005571389098950628 0.00560633172919935 0.003969845561852503 0.003879847360821316 0.005732479089790464
-0.002139085077374758 -0.002693206356308403 -0.002256400978185905 0.007245576296908746 0.005998000052515319 0.007597541248559282
0.004559426973937715 0.005238132567269862 0.004790808736500842 -0.005311608824579608 -0.004503183197574697 -0.003844083023557172
0.005622421912171687 0.005848631400523298 0.005512249519477281 -0.00205664043583839 -0.001638695238074292 -0.0002892153469603156
0.01179111470428653 0.01233629844216291 0.01145431495122445 -0.00973934606063895 -0.00775920602077139 -0.007362280774208372
0.01146934229966931 0.01196449358796072 0.01112658232638941 -0.00983716876729715 -0.007743476013670919 -0.007369211347956345
0.0163677119802432 0.01665785674255139 0.01556242542105571 -0.0092451050942924 -0.007453279297535047 -0.006650750027966412
0.01149120437811257 0.01088951240155462 0.01049205528874713 0.0003220652188571201 0.0007311242055948209 0.002772547691418488
0.01564983836567583 0.01575504358518998 0.01473966752821988 -0.006537952504853948 -0.005158595344817996 -0.003429369273075444
-0.001171409458373049 0.0002611348833684534 -0.0001349128887966275 -0.009576971082933929 -0.00841245286128801 -0.009645950721439119
0.006252381653996376 0.006457760227680742 0.006151062391597471 -0.003021613855018836 -0.002525531447367236 -0.002000485567277027
0.007267751844546826 0.006573724412532507 0.006560352460019432 0.003208982490802828 0.003077793285130196 0.005052070130632721
0.004082923980428293 0.003916232145181393 0.003913144221285655 0.0002303581122626116 0.0004420339883401102 0.001360473648446504
0.004977887881140638 0.004577927971507779 0.004604742701711092 0.001419840471790493 0.001555382890561046 0.00289007827980472
0.003354878599610303 0.002617388910556579 0.002869899220068421 0.004300693957448405 0.004018653213940426 0.005483771534523167
0.01480122124877326 0.01459364329160013 0.01381469766682909 -0.004000275303279949 -0.003043555438842666 -0.00131199671555914
0.006154259915408786 0.005644854281642804 0.005626778785329785 0.002930996519883323 0.00258676748729712 0.004221510091787435
0.005620665689842284 0.006568095405227626 0.00598042157500841 -0.009396572301013678 -0.007843952787364494 -0.008314823866479954
0.01007832989825445 0.01021226462245693 0.009679982730927475 -0.004677853270023426 -0.003624595391041413 -0.002540209602765037
0.003735366897861059 0.002613806299273801 0.002974506012516808 0.00774823206092803 0.006802407232779402 0.008802864373210402
0.01070364454562929 0.01060580896368851 0.01009365121894601 -0.003467604476478464 -0.002428392535786699 -0.0009525287361398419
0.005308522345042643 0.006245392477957764 0.00569428227276509 -0.00808469036994066 -0.006935825373854785 -0.007121945206912798
0.01091576980965727 0.01134016850003157 0.0105951702050507 -0.006778399613355485 -0.005554305958048801 -0.004758842347168499
0.0004213081517383475 0.0003465079435024002 0.0005476116305788845 0.002002622936155721 0.001542737601864561 0.002097724368872394
0.004753109784085182 0.004574244503312055 0.004527681243739555 0.0005289295227845477 0.0005337343120277288 0.001624352031480116
0.00155865545113372 0.002046544849133981 0.001971155894680356 -0.003735490823119392 -0.00309612522812087 -0.003137039100968022
0.009291109278631164 0.008691133390341704 0.008487493008660944 0.001373850421697164 0.001602281486538642 0.003609403449177239
-0.0006660262487858955 -0.001152435587061546 -0.0007239410196767813 0.004632628748871905 0.004025599757889018 0.005051411887410306
0.005039400732174701 0.005861788900376931 0.005389370529079371 -0.007068420972758163 -0.006007616892682564 -0.005949816848162814
0.005303078149317738 0.006377461495904973 0.005780167334135459 -0.009469050953851241 -0.008017540871272226 -0.008410227127979394
-0.003255565219941381 -0.003236993151267331 -0.002803307737640494 0.002814965014706511 0.002270210706461082 0.002649130418084517
-0.0002972421191916926 0.0006614680707813822 0.0005109306808916011 -0.005968403464660176 -0.005249974967761509 -0.00581986763802307
0.0006211825171309484 0.0009576192144760127 0.001026417554155423 -0.00177931147754145 -0.00146383369358991 -0.001270219061123399
0.003749896080602917 0.003803103738061496 0.003764167493221742 -0.001156598928278649 -0.0007271983446108146 0.0001740154080088527
0.0003685680201367662 -0.0006609792123952419 -0.0001265437898214661 0.008671328958515348 0.007504302292198484 0.009418525266913549
0.005444313391944781 0.00470801296782852 0.004757563425719262 0.003966431996495803 0.003723164986546756 0.005673097288582599
