6 41
6 43
6 45
6 47
7 40
7 44
7 46
7 50
7 54
8 45
8 47
8 49
8 50
8 52
8 53
8 54
8 55
8 57
8 58
8 60
9 44
9 46
9 48
9 49
9 50
9 54
9 55
9 56
9 57
9 60
9 62
10 41
10 46
10 47
10 48
10 49
10 50
10 52
10 53
10 54
10 55
10 56
10 57
10 58
10 59
10 61
11 44
11 45
11 48
11 50
11 51
11 52
11 54
11 55
11 57
11 58
11 60
11 62
11 64
12 43
12 45
12 46
12 49
12 51
12 55
12 56
12 57
12 60
12 62
13 30
13 44
13 45
13 48
13 49
13 50
13 51
13 52
13 54
13 56
13 57
13 60
13 62
13 64
13 68
14 43
14 44
14 45
14 48
14 50
14 53
14 55
14 57
14 61
15 40
15 43
15 44
15 45
15 46
15 47
15 48
15 49
15 50
15 52
15 55
15 57
15 60
16 40
16 41
16 42
16 43
16 44
16 47
16 48
16 49
16 50
17 37
17 38
17 39
17 40
17 41
17 42
17 43
17 44
17 45
17 46
17 47
17 48
17 49
17 50
17 52
18 32
18 34
18 36
18 37
18 40
18 43
18 44
18 45
18 46
18 47
18 48
18 49
18 51
18 52
18 57
19 35
19 36
19 37
19 39
19 41
19 45
19 47
19 49
19 51
19 57
20 33
20 35
20 37
20 41
20 45
20 47
20 57
21 30
21 41
21 45
21 50
21 53
21 57
22 21
22 40
22 46
22 48
22 49
22 50
22 55
22 57
23 23
23 45
23 49
23 50
24 20
24 24
24 26
24 44
24 48
24 52
24 54
25 20
25 22
25 24
25 40
25 42
25 44
26 19
28 17
28 18
28 19
29 16
29 20
29 22
30 17
30 19
30 20
30 21
30 22
30 23
31 16
31 18
31 19
31 23
31 70
32 16
32 18
32 19
32 20
32 21
32 22
32 55
32 71
33 18
33 19
33 20
33 21
33 71
34 16
34 18
34 20
34 22
34 71
35 19
35 20
35 22
35 70
35 71
36 14
36 16
36 18
36 19
36 20
36 22
36 69
36 71
37 19
37 21
38 17
38 19
38 20
39 17
39 18
39 19
40 16
40 20
41 18
41 20
42 18
42 19
42 69
43 16
43 18
43 19
44 19
44 22
44 57
44 60
45 18
45 19
45 20
45 21
45 22
45 56
45 57
45 58
45 59
45 60
45 62
45 69
46 14
46 16
46 19
46 20
46 21
46 57
46 59
46 60
46 62
46 69
47 17
47 19
47 20
47 21
47 22
47 57
47 58
47 59
47 60
48 12
48 14
48 16
48 18
48 19
48 20
48 22
48 24
48 55
48 59
48 60
48 61
48 62
48 65
48 67
48 68
48 69
49 12
49 13
49 17
49 21
49 22
49 54
49 56
49 58
49 60
49 61
49 62
49 65
49 69
50 9
50 14
50 15
50 16
50 17
50 18
50 20
50 21
50 22
50 23
50 24
50 25
50 54
50 55
50 58
50 59
50 60
50 61
50 62
50 64
50 65
51 12
51 14
51 15
51 16
51 17
51 20
51 21
51 22
51 23
51 24
51 25
51 54
51 55
51 57
51 58
51 59
51 60
51 61
51 62
51 64
52 12
52 13
52 15
52 16
52 17
52 18
52 19
52 20
52 21
52 22
52 23
52 24
52 25
52 57
52 58
52 59
52 60
52 67
53 12
53 14
53 15
53 16
53 17
53 19
53 20
53 21
53 22
53 24
53 25
53 55
53 57
53 58
53 60
53 61
53 62
54 12
54 14
54 15
54 16
54 17
54 18
54 19
54 20
54 21
54 22
54 23
54 24
54 25
54 55
54 57
54 62
55 14
55 16
55 17
55 19
55 20
55 22
55 24
55 25
55 26
55 62
56 12
56 14
56 16
56 17
56 18
56 20
56 22
56 24
56 26
56 57
56 60
57 14
57 16
57 18
57 20
57 22
57 26
57 27
57 28
57 53
57 57
57 59
58 15
58 17
58 18
58 19
58 26
58 35
58 44
58 46
58 50
58 57
58 58
58 60
59 17
59 37
59 40
59 43
59 44
59 45
59 48
59 49
59 50
59 52
59 53
59 54
59 60
60 19
60 20
60 28
60 32
60 35
60 36
60 37
60 38
60 42
60 44
60 45
60 48
60 49
60 50
60 52
60 54
60 58
61 19
61 30
61 32
61 37
61 40
61 41
61 43
61 44
61 45
61 48
61 49
61 50
62 29
62 35
62 37
62 39
62 40
62 41
62 43
62 44
62 45
62 46
62 47
62 48
62 49
62 53
63 20
63 34
63 35
63 37
63 41
63 43
63 44
63 45
63 47
64 35
64 37
64 43
64 44
64 45
65 29
65 31
65 32
65 37
65 41
65 43
65 45
66 34
67 40
67 44
