-0.007432617652953016 -0.007355899204277881 -0.006896267432275437 0.002906933861636619 0.002367492423632424 0.00219589601004385
-0.006909955432595565 -0.006608083960556345 -0.006270002653374741 0.0008642723733946546 0.000626710679516547 0.0001779262491645844
-0.006788421214629094 -0.006560949474449698 -0.006203762985578769 0.001312891436916117 0.001051019719007278 0.0007881813346803599
-0.006517922996845905 -0.006048301915204208 -0.005799642111800072 -0.0008090895398277327 -0.0007500785662758471 -0.001333297761880768
-0.004345427226474724 -0.003879017645534185 -0.00377767261197136 -0.001605934278074505 -0.001339992705729344 -0.001645281296927506
-0.002472470819766521 -0.002061663510172317 -0.002075512146894722 -0.002006458000628362 -0.001570690835220548 -0.001607912175111364
-0.003240168327925448 -0.002918637519997551 -0.002834402806575397 -0.0008484008573192885 -0.0006522341914008056 -0.0006692390169705653
-0.006574554830880079 -0.005784610873055938 -0.005660693085644644 -0.003310855637664362 -0.002931229730800589 -0.003919115437932037
-0.006026004037745837 -0.005076277720754874 -0.005045420122051506 -0.004911274679086046 -0.004281686672187204 -0.005538773759598956
-0.004524714853388353 -0.004366127148162805 -0.004143042843675813 0.001016363354802769 0.000887714123640619 0.000936005226422159
-0.004154532517346395 -0.004432129675905156 -0.004064527077263059 0.004378529244844523 0.003777753399307866 0.004419398112303495
-0.00364472900895988 -0.003225049796230216 -0.003160755371350015 -0.001474551317035049 -0.001248388703545411 -0.00155259698417338
-0.003136018781171564 -0.002774157209168458 -0.002717963950795769 -0.001369074453426015 -0.001110236248486357 -0.001325137496285251
-0.00741356895295377 -0.006936657315177662 -0.00663350548583567 -0.0004215166197699873 -0.0005033576738533109 -0.001319889495824287
-0.002515288114168986 -0.002127309728907081 -0.002124054314648457 -0.00159142647431465 -0.001283614988234553 -0.001356725902352598
-0.005116464873530058 -0.004744781627113763 -0.004555199871666157 -0.0007302456907831186 -0.0006786902961539014 -0.001222398408402766
-0.006502971143851264 -0.00621242726439685 -0.005907431728079271 0.0007831883456261646 0.0005905680840251839 0.0002763164818621331
-0.005458978482515362 -0.004789575121990323 -0.004693525312717731 -0.002728314803928272 -0.002401573405154668 -0.003198443312019511
-0.006327037650551421 -0.005862701584080001 -0.005622271692981424 -0.001049654621350164 -0.0009837862076671159 -0.001685120988153113
-0.006119130989443148 -0.005265437841782068 -0.005193540389253339 -0.004296488370146244 -0.003766165569941523 -0.004970192691956609
-0.004911323004296059 -0.005051718682917252 -0.00468457687837139 0.003578999864574517 0.003077293816186468 0.00340487294359868
-0.002036951394061526 -0.002141713780912571 -0.001979829039317565 0.002047585590743032 0.001909873799498027 0.002527062618234211
-0.001447975893270985 -0.00133618020970141 -0.001288945229835783 0.0002294474011105004 0.000348695239385052 0.0007352648481725518
-0.004299892365270524 -0.004371090367101604 -0.004082138875326259 0.002693278476274559 0.002290203915858785 0.002541880851739306
-0.005257193117497866 -0.00477670120361744 -0.004623138905859084 -0.001198483438176902 -0.001016270126283845 -0.001352686752803962
-0.001793401352280945 -0.001567906930567 -0.001543771034737595 -0.000844784754225445 -0.0005614077678411821 -0.0003396718335720705
-0.004462515214628206 -0.004072983751244407 -0.003936727748914004 -0.00109692329375096 -0.0009616661067491626 -0.001393433308052464
-0.004165409540820226 -0.00340779816571338 -0.003425444799755188 -0.004186575661052452 -0.0035641431118515 -0.004374331621137386
-0.005324865253735433 -0.004937237371298437 -0.004747958210992347 -0.000720756915385835 -0.0006729319117655836 -0.001143990801978381
-0.004044226845136225 -0.003388481555042615 -0.003378014951585573 -0.003443593080433813 -0.002901391023990606 -0.003448427388073378
-0.005132179845406055 -0.004298482327160191 -0.004278373929055119 -0.004401814739349355 -0.003759501152369123 -0.004666285867529826
-0.003440273910229849 -0.003463855424336813 -0.00324134364783825 0.001643376602134315 0.001435635971679539 0.001558605720781031
-0.006176137746688925 -0.006478999790366565 -0.00597778289588794 0.005470594178917466 0.004584906361799809 0.004899428732608625
-0.001526508323246879 -0.001621190937138165 -0.001499148999933653 0.001495613892269488 0.001416846677195538 0.001966268802583649
-0.003524733731937866 -0.003517641806987886 -0.003312859309025449 0.001759862030047401 0.001522000063940828 0.001602805107712265
-0.006260670467979617 -0.005903031185540573 -0.005648322144822704 -2.275407143825664e-05 -7.75259376253055e-05 -0.0004890621594946753
-0.005131511698116199 -0.004730305983331361 -0.00456782389113986 -0.000666491655535619 -0.0005974602991614073 -0.001039680015210653
-0.001383284669627954 -0.0008506824407323722 -0.0009819424718277006 -0.003503764929242155 -0.002918386083080161 -0.003315023848537858
-0.002608371618510171 -0.002315089807915476 -0.002266235325687211 -0.001178671595069792 -0.0009388296788697129 -0.001009681709427441
-0.00391209862511882 -0.003457835111307792 -0.003389795975098505 -0.001580606524030989 -0.001373181944242521 -0.001848301473260522
-0.003581254475969623 -0.003091098219589511 -0.00305563731265789 -0.00234761469977756 -0.001958440997996727 -0.002297857077713046
-0.00233261493120223 -0.001788848245173584 -0.001855257466649789 -0.003215290459225843 -0.002700797998715834 -0.003165019878679638
-0.001451186830931899 -0.001119890732841333 -0.001156491036203551 -0.002076107370861472 -0.001632381408184639 -0.00159699220574351
-0.002327873464192341 -0.001676958845717917 -0.001781858727266418 -0.004062002543046892 -0.003415224769464874 -0.004006369729524548
-0.002739285557333495 -0.002508618553320525 -0.0024193412613489 -0.0006938467796103148 -0.0005068321538011355 -0.0004755344003229903
-0.003098473034482534 -0.002493757001663102 -0.002523271379930335 -0.003634053489406671 -0.003031633771082215 -0.003532360952084917
-0.003787515281815746 -0.003814986566114007 -0.003578366519179585 0.002210106602983639 0.00189859382213575 0.002121571565541727
-0.002432866791035226 -0.002438037902959307 -0.002296354228702798 0.001088232724504412 0.00101059009597902 0.001150529877817224
-0.002687301760537157 -0.00251254402206732 -0.002432501086858405 5.652276488491549e-05 0.0001204300658072297 0.0002915785769111714
0.0007803883880075356 0.001070091663686425 0.0008918043716658167 -0.002481276171319487 -0.001947725837130339 -0.001797659185765416
-0.001517530952810075 -0.001717990205248917 -0.001551884662674174 0.002245085610077395 0.002032618366796896 0.00250481590153924
-0.001789259271684031 -0.00134746024188657 -0.001416803804922949 -0.002417755422844123 -0.001968195239818399 -0.002056231797026681
8.986083121675567e-05 0.0001155476638578793 7.856234369357663e-05 -4.320801420396467e-05 0.0001484325441984485 0.0007643717135878319
-0.001444179989140252 -0.001105137700432533 -0.001156534354836533 -0.002067761038982347 -0.001649448254558377 -0.001746048522407446
-0.0003050271780565657 -0.0001021766726658534 -0.0001741477421451083 -0.001606859565533136 -0.001184107893434578 -0.0009732737918032562
-0.001459076846665267 -0.001091458741264817 -0.001146277010820714 -0.002173043506546498 -0.001742093190778289 -0.001711626658401143
-0.003406442993277026 -0.002988491298803497 -0.002934698271504953 -0.001751122737402531 -0.001448273832129159 -0.001640850514858053
-0.002856283201801292 -0.002229560500842775 -0.002290329113246122 -0.003704406983158933 -0.003120146082206485 -0.00365212420599888
-0.003088999217646173 -0.002466386003876495 -0.002502967322013027 -0.003513357331001917 -0.002957332164036779 -0.003477141631260916
-0.003610038299130016 -0.003589249430402501 -0.003387033842322393 0.0013911831113846 0.001195565846077301 0.00120132778209989
0.0008172103403010341 0.0009506458917812783 0.0008076288734125296 -0.001485183364574772 -0.001046919939780383 -0.0006725646505351196
-0.002135501240772776 -0.002164444382221434 -0.002032747775785538 0.001432572149832589 0.001288026002698613 0.001548085062234634
-0.002064059661581599 -0.00195430085083549 -0.001888667591824537 7.254366188774393e-05 0.0001729750112288118 0.0003944313743126395
-0.003003445275160142 -0.002676894307382326 -0.002616664093680316 -0.001329743817407196 -0.00111553069961698 -0.001438136695063604
0.00133737671225722 0.001360344479038786 0.001245609072403159 -0.0008494761096375133 -0.0004876685752137872 0.0001070716440229901
-0.0003454609638307127 -0.0003422598293274126 -0.0003403449948467569 0.000217138061874912 0.0003017558682614376 0.0008133843183197191
0.002671920151146449 0.002836409763218539 0.002586062483118215 -0.002600469951250387 -0.00197413645605451 -0.00164315262294751
-0.0003151708996285747 0.0003277952706841165 8.627439051513814e-05 -0.005152365933881665 -0.004282958194774261 -0.004768079207322719
-0.0005750338137347911 -0.0001906147272497439 -0.0003160059446957371 -0.002879490013419077 -0.002330264991441354 -0.002420621761079885
-0.006021223532872026 -0.0064443622415704 -0.005906726772317271 0.006207712247664626 0.005156781610017804 0.005385963808633224
-0.00283314174043447 -0.003230958873192497 -0.002914976205489244 0.004498409353730139 0.003864043710935261 0.004381311812438319
0.0008631446286548483 0.0008650583518759177 0.0007653061593471478 -0.0006086829386129437 -0.0003195588699737472 0.0001436865378555293
0.001083754191115382 0.001193749262140055 0.001051323614489807 -0.001212408928059703 -0.0008456932207699631 -0.0005035779416216301
-0.001469813294599729 -0.001204306803721497 -0.001239791270771613 -0.001555513951583106 -0.001230514893114576 -0.001211763261840432
0 0 -2.709712895163858e-05 0.0001887487146188234 0.0002976134083068934 0.0007054116195401127
-0.000372778389785248 -0.0004868024317171691 -0.0004456048122376027 0.0009736698769080335 0.0009914728186552332 0.001628401652074471
-0.0004013025422190328 -0.0005033352821160359 -0.0004604965844760677 0.001072414831004897 0.00105703918588288 0.001592641853051339
0.0005378482889223826 0.0004657226231203494 0.0004320326338499681 0.0003361671918425934 0.000461942907021027 0.001004956172271349
-0.0004820961889100239 -7.985917595850232e-05 -0.0002137348310989966 -0.003076973132946016 -0.002548723244327783 -0.002868560511830441
0.001525119679293305 0.001975453892772826 0.001687707328750773 -0.00453722534764647 -0.003712194245255116 -0.003915295745901029
0.0003752914927347815 0.0007144012089723469 0.000546351897715242 -0.002882869387120902 -0.002316641956902054 -0.002359169393990302
0.002332603581823238 0.002468549205554929 0.002252041792584606 -0.002159299405957081 -0.00162968410877236 -0.001296260693547291
-0.0005197895878499416 4.042694277605609e-05 -0.0001454220306826414 -0.004335942584103184 -0.003597487488968395 -0.00401309786969629
0.0004277627965334313 0.0007011752361375064 0.0005558336081344672 -0.00236135349003615 -0.001798501239220307 -0.001539416197743101
-0.003274434040410786 -0.003230295840731763 -0.003058037426180481 0.001002177251723077 0.0008018570120710576 0.0006000527881317179
0.001176757523074362 0.0006308766367250206 0.000742629285195288 0.003822557881582608 0.003434497863934157 0.004459643812034593
-0.003708633600480392 -0.00380904458487658 -0.003560198396526087 0.002352353541166889 0.001971713835766403 0.002036027775838472
0 0 -3.09659710058607e-05 -3.496338751662472e-05 0.0001166654629342165 0.0005072832994849532
0.0003080424813347103 0.0003066806498876269 0.000250202381276548 -0.0002416492854384312 -3.866161712825316e-05 0.000399080093525377
0.00095302018329443 0.001055085509518266 0.000929529340258026 -0.001356451617205035 -0.0009893499741812607 -0.0007250692242413111
-0.001138686126999495 -0.0007127483788466429 -0.0008211475140695233 -0.00314433995285362 -0.00261206051723508 -0.002956319994631744
0.003924982243051852 0.003986726533052945 0.003683090850838903 -0.002627852935358705 -0.001986319213937654 -0.001606434403120374
0.001768691555671961 0.002040353336688346 0.001806828877788673 -0.003241120623218096 -0.002562183409626119 -0.002490029943375048
-0.001859431614144753 -0.001839665950927836 -0.001747731994869756 0.0006757138449831348 0.0006039725113099305 0.0006689793182024441
-0.003800880864336573 -0.003734353536041164 -0.003525030300500439 0.001289141335863449 0.001032451382858084 0.0008162974788418332
-0.002002286146286019 -0.001689554127207268 -0.001723728255640972 -0.001732035928041878 -0.00147371226182885 -0.001817720142895323
-0.002908672799213398 -0.002923656015799182 -0.002759099583712701 0.00140345537446215 0.001189770052354844 0.001263658046567703
0.002737321625273971 0.002673732912760293 0.002487023955970182 -0.0008477621918783788 -0.0005290923383682124 -4.50649766971742e-05
-0.001165218117348709 -0.001151293175979005 -0.001110311809355184 0.0004889371955471117 0.0004759044215676767 0.0006922898920038854
0.0006981599683021936 0.0003775190007955079 0.0004249904500099983 0.002036621272328479 0.001849309119584997 0.002420652840937489
-3.200949253515159e-05 -0.0001267668609237244 -0.0001243678369773571 0.0008132440690871782 0.0008188448802658728 0.001270086266337559
-0.001378347944165477 -0.001088530547815434 -0.001145252712398285 -0.001941509779227818 -0.001585878341130323 -0.00174181466344549
0.002634498660103339 0.002424964169747708 0.002308122380701628 0.000363627042437364 0.000502871695551355 0.001171805147562449
0.002091280347466885 0.002168595408435743 0.001979628792395275 -0.001795704698035301 -0.001350393571160998 -0.001136255492041487
0.0003373897775406449 0.0007646960486788471 0.000565910215824961 -0.003706224468017447 -0.003073210599573441 -0.00346907412120081
0.002686889478885335 0.002693470160962891 0.002493677566747282 -0.001591626064746643 -0.001161933542322954 -0.0007837649891721338
-0.001869477806965525 -0.001669977528947448 -0.001648392880977174 -0.0008097329945895518 -0.0006716970118268506 -0.0008838296696326491
-0.001137675024634992 -0.001366892294469366 -0.00121910801199538 0.002653611898782112 0.002272126597390426 0.002688135489349893
-0.00169051019087591 -0.001557345597091766 -0.001525074050085043 -0.0004417364245951789 -0.0003457973063679314 -0.000491420350864397
-0.0008223909014518303 -0.0006022257530841696 -0.0006642187662426962 -0.001151749024209982 -0.0009994943997544271 -0.001177120619112545
-0.004408947121147782 -0.004113728692186861 -0.003971601638159978 -0.0006940214293718671 -0.0006763900067711519 -0.001294478814543509
0.001652126225087242 0.001664702153570597 0.001516113216231369 -0.0007165153778236572 -0.0004794021392734874 -3.904559019661263e-05
-0.003866285576420929 -0.003935333826025639 -0.003681411635607214 0.001959254532810798 0.001618492100737108 0.00146967549856288
0.002204990280497847 0.001753914897703471 0.001764007855686512 0.002792475613512552 0.002543404128492585 0.003488743633133185
-0.004052871897910676 -0.004081685734401896 -0.0038344322118405 0.001735043963399235 0.001444849684413037 0.001318255926894528
-0.001329541706851379 -0.001353965924697748 -0.001279490811652549 0.001542670052888806 0.001305894531619102 0.001497823524480069
-0.001691076640898093 -0.001596743673004291 -0.001541286199601123 0.0004079353775448797 0.0003246314472329363 0.0003810210891833135
-0.002057958421831387 -0.002063978217747479 -0.001947352620216097 0.001533012368112002 0.001275016242827314 0.00134652181125368
-0.001905417776731764 -0.001590584600621146 -0.00159739728550593 -0.001592190327586858 -0.001393168823634918 -0.001801757323521197
-0.002193524659440758 -0.002358622808502367 -0.002178556298902477 0.002763867207988769 0.002353543526470221 0.002753871978708353
-0.002516932855212766 -0.002360646881971678 -0.002267588114794401 -1.070816681368899e-05 -3.343631400856368e-05 -0.0001920041804192677
-0.001478328095137898 -0.001862397457790302 -0.001640391949203199 0.004106548895389318 0.003502722954118273 0.004090910116313583
-0.00208002980031308 -0.001998270817567027 -0.001923429496125332 0.0001405890853114754 8.32992793504562e-05 -5.870854352623181e-05
-0.001507758208341761 -0.001554316044480218 -0.001469320583902941 0.001309520789040807 0.001114990620352345 0.001277805524010525
0.001374273409531748 0.001294170717854977 0.001210719675145219 -3.541279500037055e-05 9.608692972008599e-05 0.0005028307731025944
-0.001403045375888685 -0.001714127917129701 -0.00152898903541354 0.003353590360713989 0.002884734906388158 0.003461829890007355
0.00159945152738464 0.001452816404916117 0.00138059524222532 0.0003708915402597344 0.0004446812203789014 0.0009002125960236608
-0.003985931761549027 -0.004051796170261817 -0.003800001363635255 0.002557998510090268 0.002095923347989844 0.002120942595456807
-0.0003179211431166858 -0.0001011124558278539 -0.0001889975305511423 -0.001669552713529817 -0.001360350858343527 -0.001439631566790569
-0.002089112712850514 -0.002087651863314581 -0.001974623133981276 0.00067458566147131 0.0005516615211484292 0.0004504728871198365
-0.001960183272767598 -0.001949505177101519 -0.001831585550099596 0.001576083495411234 0.001298193921639324 0.00145418101947561
0.001047317438850848 0.000908256826257676 0.0008750677638483181 0.001486885837924175 0.001340059092229875 0.001990489557444012
0.001495847355574782 0.001668165365051283 0.001491780967170413 -0.001372248296895203 -0.001081349467870824 -0.0008231451532487333
-0.001333203185964619 -0.0009625649319846711 -0.001022441698100507 -0.001703027209874088 -0.001476354015007676 -0.001817287861545107
0.0001387516103299377 -0.0002173562419671297 -0.0001005795002920912 0.003379962657870168 0.00292247435347944 0.003723728867984854
-0.003633866079811447 -0.003302975634137176 -0.003195610099459237 -0.0009159097319815156 -0.0009163514590089837 -0.001655923307245554
0.002586671642795274 0.002418651065353932 0.002293020672207116 0.0004801319401841395 0.0005280838574567934 0.001142042525684719
-0.002083541157105039 -0.002381333077874727 -0.002141128329714844 0.003412036070637874 0.002891906704781462 0.003175724255938839
0.000994559373116136 0.0006245432856932644 0.0006773396130108356 0.002698393909164179 0.002382628274682753 0.003129941433987237
-0.001770791793599583 -0.00192253134168871 -0.001762312160297472 0.002116764245016315 0.001791317264252243 0.00194512100155973
-0.0005738294770170308 -0.0008803892416559411 -0.0007479344490057379 0.002926118863474107 0.002507610940181653 0.003063671564821836
-0.004298911202705683 -0.004357980538758201 -0.004074198580666346 0.002466310710382093 0.001996640427675376 0.001821398668478612
-0.00169263553661584 -0.002044294939925609 -0.001812849224769446 0.003482833716196852 0.002990206969344893 0.003367327445754666
0.0002217543811483688 9.197098655683464e-05 0.0001009950995699037 0.0008972763781084885 0.0008425576074719227 0.001260631684986028
0.001044802376267124 0.001207073092133102 0.00105720049485863 -0.002274572657152709 -0.001843477284644881 -0.002083273170848962
0.0008254024048604407 0.001028048997637482 0.000897428954100551 -0.0007731913358154445 -0.0006407464505554648 -0.0004683437666146112
-0.003933322082756117 -0.003556201853433073 -0.003444116824612224 -0.0005195982289465606 -0.0006066759244149617 -0.00124859780739677
-0.002336978786696215 -0.002024541147235266 -0.001989405937358249 -0.0004029658530644553 -0.0004579297386252944 -0.0007264989271902264
0.0004899209678449396 0.0003226790475617219 0.0003541751915605832 0.001915382104595749 0.001672055329110991 0.002234905678752754
-0.000452031324782094 -0.000580798877310458 -0.0005085188987180032 0.001965066894940044 0.001673561341901292 0.002132177510424574
-0.0009004130671675741 -0.001088925554764777 -0.0009729567830457458 0.002428932952868112 0.002069006613909622 0.00244481777496282
0.002913967136002889 0.002738149968580071 0.002603239269758326 0.0004174417538191796 0.0004862603100515623 0.00104662511301407
0.0006424671183177042 0.0007534825201925312 0.0006505583494882854 -0.0008347336155965729 -0.0006641040891345495 -0.0005863773736735091
-0.001249857106064859 -0.000964149219592556 -0.0009987038643082245 -0.001600927276213524 -0.001364526094271192 -0.001698240053052773
0.001570171949323324 0.002130343121437292 0.001803268509431531 -0.005477564662091099 -0.004595812194914484 -0.00523646240658741
-0.001569136759766969 -0.001610913929378996 -0.001481819240947126 0.002038629874022334 0.001640010050558811 0.001710895690767883
-0.0007453867032134716 -0.0007197547291935732 -0.0006771087350975444 0.001297410759558444 0.001014299277921106 0.001118907696011072
0.0006102673289810436 0.000354851229587104 0.0004100479846740038 0.002609222776736635 0.002194632154716877 0.002698019261502041
0.0008622250666457792 0.0009836721286617296 0.000881860525207557 -0.0005563423356509279 -0.0004935737955230905 -0.0003656864744733604
-0.0004674456469384619 -0.0008527432363546007 -0.0006803497306497505 0.003728994362880855 0.003140340584244703 0.003566833043800794
-0.001778003115995928 -0.002048351415014693 -0.001831254420552011 0.003297928210506475 0.002733910480822645 0.002915805321182121
-0.0004667755712005788 -0.0005819829743808956 -0.000520435911599771 0.0007597928999275751 0.0006286829215855833 0.0005584455978360984
-0.0002857970739035821 0.0001403417610349342 0 -0.002482471469130021 -0.002167373009646323 -0.002589062468337553
-0.001185612990724947 -0.001226994697397857 -0.001132628741921109 0.001664321230191401 0.00133606188647519 0.001449895003430322
0.001455393443091392 0.001104546853266389 0.001139002835788369 0.002879508437786153 0.002490682491350339 0.003135920629628094
-0.003796871910155612 -0.003684888037726632 -0.003481182461154822 0.001115110011631461 0.0008266079021390305 0.0005142695611060531
-0.002874063408045856 -0.002547979729648725 -0.002487388551623528 -0.001121889166844156 -0.001084639842066982 -0.00168092809849921
0 0.0002458731315601975 0.0001455358719492635 -0.002095254062241849 -0.001793462179620515 -0.002188021604641587
0.001216328592379184 0.0008905212275521645 0.0009465882172873811 0.003320484802893642 0.002866113495277657 0.003804716059437233
-0.0006629152087715245 -0.0006967742762076777 -0.0006440527116514647 0.001609937365114852 0.001295027660118428 0.001451459602640156
0.001376008973088315 0.001273867242019437 0.001212290095656837 0.001154480235110221 0.0009899846207722348 0.001337219984006742
-0.000337855547937428 3.861843429318554e-05 -9.190585387456809e-05 -0.002280424470656322 -0.001999053173724684 -0.002516042874774348
-0.002078617259428492 -0.002373385475829063 -0.002118994409306508 0.003818182477682253 0.003181844266503756 0.003546124546244719
-0.00180047848617897 -0.001763572794709205 -0.001665544270612112 0.001025802806210873 0.0007975254856661811 0.0006698015215786105
-0.001700625668695554 -0.001311573263983017 -0.001338969046989506 -0.00232307678698861 -0.002045358307510275 -0.002629202392227452
-0.00212190865824264 -0.001595352622300807 -0.001644763905315829 -0.003413052364509428 -0.002998984612325822 -0.003843852728975949
-0.001788888090627278 -0.0009495331686908748 -0.001150843221124214 -0.004654288350153913 -0.004164918167386614 -0.005226845147796626
0.002630546399567044 0.002774754039506313 0.002540507886441239 -0.001438214089737793 -0.001196823096146169 -0.001160989942835842
0.0003975096978512167 0.000920174103727721 0.0006906304077050967 -0.003602943605830684 -0.003133708365206476 -0.003772575876501316
-0.004771100717827564 -0.004424999565897494 -0.004233090943263871 -0.0002608435192907037 -0.0004212719860745385 -0.001143580607509964
-0.003893779598863006 -0.003248570186203184 -0.003239861176172555 -0.002152108670968701 -0.002107371985759774 -0.003013569710969829
-0.0009248798566022078 -0.0003319304163965508 -0.0005015724878318824 -0.003085339533429072 -0.002790801888041052 -0.003536479774119881
-0.0004250995976021006 0.0003189562515997557 5.791407366003242e-05 -0.004787077473314656 -0.004240786263214 -0.005215512599028583
0.002298976316190497 0.002341093719264491 0.002163558195700556 -0.0005509118735321518 -0.0004612322627268818 -0.0003388144872628228
0.001993259002210941 0.002126650344712923 0.001939075362372565 -0.00125369902466659 -0.001052709117932719 -0.001055027042217688
0.000982140356564492 0.001266312140161353 0.001090972749231459 -0.00233972456237506 -0.001984018961940931 -0.002233074079764347
0.003292172068093337 0.003352293219134352 0.003111206237187056 -0.001797298252588586 -0.001429896586774887 -0.001322886924507212
-0.004870559502099745 -0.004614210121116044 -0.004380347490301209 0.002177014112001915 0.001567370576115521 0.001425722232462477
0.0008825671171984008 0.00127863988709964 0.001077822678952661 -0.001632881187595958 -0.001480749052184397 -0.001450826013639109
-0.002852951934999529 -0.002383822817117485 -0.002362347981034168 -0.001013472159158213 -0.001101408627766514 -0.001713025123366956
-0.004269442224611401 -0.003922658589860534 -0.003769282627336977 0.0003099110960283329 -2.016938973847233e-05 -0.0006245822525516946
-0.001973721111450778 -0.001670289987149715 -0.00164495246420263 -0.0002918172126291977 -0.0004162969991216923 -0.0007265900704258187
0.0009076235563852148 0.0005814693988677856 0.000654110853634012 0.003227513512254577 0.002740216340322177 0.003374813832033949
-0.003241194647459779 -0.002879163375378907 -0.002802229895102887 6.682668523278105e-05 -0.0001785054982707216 -0.0004640837555672709
-0.001632585126998953 -0.001115876386637739 -0.001206103741192812 -0.001962997402719834 -0.001844145499898142 -0.00202762512490965
-0.002963351270646355 -0.002609412531188419 -0.002534786552265277 0.0003893176712934073 0.0001291056840686119 -0.000155644012943808
-0.002227524273752683 -0.001547671039538109 -0.001668259170879987 -0.003164536282536959 -0.0029294250195702 -0.003617245643943787
-0.002441098021398281 -0.001936617683390378 -0.00196745112278945 -0.00153774481529791 -0.001496855912297207 -0.001834118582202362
6.473963794249191e-05 0.0009051366547457876 0.0005748983097386465 -0.005670601355496104 -0.004981592587750687 -0.005861135770443891
-0.002667023979405353 -0.001778463713623357 -0.001941726914345133 -0.004726941175266916 -0.004291691787558847 -0.005516216447944144
-0.001802180356254119 -0.001866956935013035 -0.001723774543453586 0.003357097650900333 0.0026918850152684 0.003434598541481677
0.00270220518729167 0.002741537244681336 0.002544552641050322 0.0001292402086235533 0.000101827321667217 0.0007493710625758116
-0.002926593223974273 -0.002333444624002622 -0.002378377086220244 -0.001755674510866394 -0.001782860356308506 -0.002488939542697035
-0.0003228963035808009 0.0001321085525628511 -2.246384508592441e-05 -0.001525328446285015 -0.001435243088926483 -0.00153753736727928
-0.003466077394692057 -0.002711671168696125 -0.002780359658862359 -0.003310483232748608 -0.003095374797626394 -0.004286027079930742
-8.449340225982902e-05 -1.988275958517229e-05 -4.290412969568453e-05 0.001402368620824879 0.001081864562210163 0.001403712274343624
-0.003609943371315857 -0.003070224670847997 -0.003030350968926141 -0.001175649384232202 -0.001248068560318946 -0.001719552391009086
-0.003382246546529057 -0.002908990398334573 -0.002863320572948791 -0.0005007706822388954 -0.0006940573470242881 -0.001043637355002288
0.0008167433016714849 0.0008139603690907975 0.0007328999063919441 0.001585039232975524 0.001233619486974638 0.001767868785465707
-0.003232548245415947 -0.00312536619677406 -0.002978520524481684 0.001940795219908064 0.001407169336489984 0.001120523741389604
-0.0007255974616414049 -0.001005088876626204 -0.0008114843278023252 0.002009113730907531 0.001797477432052331 0.002201716071165799
-0.003714499120184326 -0.003818794962067414 -0.003552069113012889 0.003828921338926472 0.003071569136961052 0.003421637941403356
-0.001030330565403441 -0.0007268697224816325 -0.0008042062486552828 -0.0002182691850722898 -0.0003670690605832441 -0.000284987857687522
-0.0001136578124795649 -0.0001088283696839939 -0.0001105616904401573 0.001956410725078447 0.001496331375259557 0.001869109641996354
-0.004332396651274366 -0.00414904659043741 -0.003962749113359854 0.002227310464154152 0.001591897237502373 0.00134470407295213
-0.001807368399829344 -0.001795993954273041 -0.001690351604115489 0.002411769190302359 0.001824628661067148 0.001982766588128575
-0.003350632070553725 -0.003367712641242969 -0.003169236159100673 0.002751613510176458 0.002114023250532844 0.001971760666446731
-0.004269692619649625 -0.003022503062744181 -0.003192220601275511 -0.008136622938462495 -0.007180328688650117 -0.009183169103330864
-0.00264563876538604 -0.002871986193917218 -0.002570170994096068 0.00256754759362588 0.002212380058828521 0.002469497427878756
-0.003283886312366708 -0.002944982897020525 -0.002866450646962281 0.0002758413378618374 0 -0.0001521350270758479
-0.0004528997426494824 -0.000288084014282675 -0.000349943878891594 0.0006382796358943868 0.0003627840466148572 0.0004444477262367191
-0.002829813344427176 -0.002625931575457319 -0.00252236709075121 0.001446742464193086 0.0009896929902046569 0.0009019253943477123
-0.003295934823588977 -0.003373533520903887 -0.003154221434541876 0.003672313052745668 0.002841917960358954 0.002886295714377451
0.0002601212152575057 -0.0002387087415149584 -3.24398582880328e-05 0.00338951811847913 0.003055893748395426 0.003940276267892498
-0.002395909630409945 -0.002110801356942639 -0.002076972795364351 0.0008584952066787752 0.0005174935704559984 0.0006142303412930536
2.821840857651972e-05 -0.0002382180069266596 -0.0001559560815000938 0.004319644906921683 0.003557077006217973 0.004480227502700451
-0.003693767701158096 -0.003363957422837189 -0.003266370353032769 0.0009269876021567166 0.0004526781949240235 3.300854795088275e-05
-0.004100904254426903 -0.003650343091405446 -0.003570967764020702 -0.0002479620336311594 -0.0005429205661677515 -0.001295811868429844
0.001302677063848494 0.0003958429237004107 0.0006801654194773046 0.006025758056123254 0.005352605936268534 0.006756724957263714
-0.001508440013840754 -0.00114217255464547 -0.001215147781523498 -0.0004671935098008566 -0.0006540653332650142 -0.0008407070771733162
-0.005640307350962658 -0.005580603723022318 -0.005243968259069182 0.00322256419636109 0.002431736705921168 0.002129483045450951
-0.005830309500930613 -0.006231350175658575 -0.005713568751488136 0.006838900059153298 0.005513660644213445 0.005645082200466951
-0.0009358115700698282 -0.00155874395594893 -0.001231966287165618 0.004901145077491815 0.004300016628308702 0.005130810989025066
0.002381880617410298 0.001506220042581106 0.001704528387485933 0.005473378034764565 0.004896153532564071 0.006301994663399234
-0.003147255260350427 -0.003322949752403703 -0.003052511271654434 0.003959318289812391 0.003199031593391381 0.003607544936046276
0.0005733961348456308 0.000306618631121027 0.0003526476891640594 0.003480429840828964 0.002884812476386904 0.003870941129601912
-0.00202912506853841 -0.002331771002465267 -0.002095973306320288 0.005071819959932142 0.004132617566141748 0.004860174855876523
-0.005617569139007823 -0.005733349033810337 -0.005357409903117799 0.004364901681676661 0.003385683977575532 0.003307797175675244
-0.002739895874876052 -0.002981106583870821 -0.002730073024220933 0.004606565183510537 0.00369637633398694 0.004033064700274151
-0.006705809412983645 -0.006597675431432962 -0.006210005203305598 0.003166706312768559 0.002324370550072719 0.001742622991554154
0.0003726865744226895 -0.0004885488020686751 -0.0001609647641301932 0.006069123046494949 0.005337391319532015 0.006515170294435977
0.0006936406182735253 0.0001322553020190024 0.0003353801419578447 0.003416399940963748 0.003101004978516107 0.004050299094720914
-0.004037406926322036 -0.004289705721611739 -0.003958558517090258 0.004919723555731638 0.003919779128458311 0.004088379561832323
-0.002781134183803772 -0.003016311631384705 -0.002771754605345173 0.004160337232479469 0.003316417651460582 0.003446744407255556
-0.005185261579027476 -0.0049354591805528 -0.004715752646111035 0.00122354242341061 0.0007129242707135068 0.0002960976007798995
-0.005047477403165154 -0.005168750873472126 -0.004818074060409625 0.004092188503309367 0.003164480628536218 0.003039245786513487
-0.001323110116639056 -0.001950464286799507 -0.001640749322196923 0.006858429185952911 0.005706984903473305 0.00670053828725297
-0.002759554560994985 -0.003208395301656727 -0.002875011350145102 0.00604772340936798 0.0049754200575459 0.005759836090581929
-0.002243277667108228 -0.002791712748177866 -0.002459710491782537 0.006390407060307747 0.005292364824334172 0.00613611988597761
-0.004931437053077405 -0.005050348196440274 -0.004698028840585031 0.004239108769463339 0.003306570652463152 0.003324176726663837
-0.00571936551337908 -0.005792354349677841 -0.005400813729050964 0.004241794938712122 0.003345626795493271 0.003410231336319321
-0.00531406104604704 -0.00542350118981365 -0.005049562686666824 0.004125623356074033 0.003264273035545893 0.003218514433992465
-0.007432644891454502 -0.007108424939482028 -0.00676092811176111 0.001663828191411939 0.001054622800219239 0.0003861381391665633
-0.007468342688171442 -0.007424667410030893 -0.006971552552696609 0.003912917689476234 0.002947262243423205 0.002491716903378145
5.587797255994043e-05 -0.0005622586401023213 -0.0003418419195675213 0.006127372321615718 0.005174901730482856 0.006407407578164994
-0.005646468022177784 -0.005465605586055205 -0.005179414697249338 0.001742129991893291 0.001193403953942822 0.0007604873281435628
0.001898580522675595 0.001576049473380489 0.001622464397271734 0.0003022534912769844 0.0005578770897170603 0.001213971531119481
-0.002468236703427934 -0.002718754339476782 -0.002472099180189948 0.004101650502199772 0.003313873027238021 0.003769027813647286
-0.003144046046320995 -0.00299332580476217 -0.002862139363859136 0.001399220780044509 0.0009331631419947693 0.0008038556359814091
-0.0005683868715973476 -0.0009919177606656168 -0.000815544368137376 0.004588975357839719 0.003840792105987605 0.004774819087685084
-0.0007631343591029001 -0.001202250447690187 -0.0009896515855423282 0.005016613810497028 0.004202898797015923 0.005138757781079781
-0.003119822552404651 -0.00375542339104153 -0.00331972703404028 0.007099189177322985 0.005853677729071627 0.006575214286325424
0.00235186742137292 0.003612982113603869 0.003003499104489455 -0.01250491050090856 -0.01044935807823453 -0.01193967782861983
-0.004084161206522254 -0.003588002525291305 -0.003486758088324411 -0.003825254197222055 -0.003302112217422562 -0.004408748187206275
0.00194623854439368 0.00139684554406345 0.001458484842642933 0.004249680257929476 0.003677211682878069 0.004977335194622318
-0.0002970393232175695 -0.0004203869197329664 -0.0003591461245756106 0.002813646909474784 0.002269815127445248 0.002991707259568199
0.00507148873275428 0.003937719259337231 0.0040200754231925 0.007622182425559016 0.006645281115786507 0.008879435683512241
0.0007387395825427536 0.0003873385763798686 0.0004686142349012771 0.003866091928410574 0.003199636415407993 0.004088511517362551
0.002143214726462425 0.001347905320285426 0.001497183141955665 0.005977776880170944 0.005134144550583206 0.006541160321751128
-0.001185148528902474 0 -0.0003628040242314347 -0.01045214202742708 -0.008893881193587078 -0.0107754163639979
-0.001661312247469106 -0.0003341381181690343 -0.0007085406884000761 -0.01138437018268424 -0.009682122488277921 -0.01160396951937804
-0.0003099081777527362 0.0006749267366686533 0.0003409405321763391 -0.009365716215717038 -0.007904150169133223 -0.009397440330024287
0.0002693671987731747 0.0008953346681857967 0.0006720885548679129 -0.006640324584501643 -0.00547574274442035 -0.006250142316282487
0.001561428049430623 0.002457080299211352 0.00204322216530657 -0.009886384141911803 -0.008225305597976384 -0.00950897778787445
0.00311662186637531 0.003485328475255586 0.003172658755930322 -0.006178885845079021 -0.00496931607388917 -0.005287193988398043
0.0006423755522817493 0.0004452783673203151 0.000528765608917868 -0.0001683777624159835 0.0001333794661736286 0.0006463291556301086
-0.004878090332456776 -0.004882234702594292 -0.004575468563479288 0.003016516711748231 0.002352263471000959 0.00245732481291895
-0.00152686495185627 -0.001704013334879253 -0.001548021529414768 0.003159035668047919 0.002567479330565477 0.003183565419747498
-0.0005016336733703514 -0.001015263154764756 -0.0007959242433543091 0.005157539381918214 0.004324576019402536 0.005279959116248314
0.001332931882465075 0.001513928476683252 0.001344724421939414 -0.0006896898220882398 -0.0006879111778581141 -0.0002984730202673932
0.005514293514855432 0.004408651944478296 0.004457379925390159 0.007324461633415057 0.006395891322743611 0.008540623129801391
-0.004670373496405285 -0.003566793040350554 -0.003653623743799475 -0.008399567625661408 -0.007236879994442204 -0.00927170473155621
-0.002345674133685808 -0.001526960852388967 -0.001643375176015616 -0.00726117575954773 -0.006130988318864643 -0.007515097195531488
0.001115248749068731 0.001737864802005544 0.001457449860845565 -0.007535699915647914 -0.006201331917043761 -0.006914302878481475
-0.002008135871820088 -0.0009305464078118431 -0.001186821643239233 -0.00987093485273305 -0.008356027819090363 -0.01003075016580919
0.003991705292493208 0.003806654120975519 0.003658022815376161 -0.001444429767281453 -0.0008500728978249933 -0.000147970775450526
0.002041360461608386 0.001706958206708561 0.001691002523827912 0.002915593994924596 0.002532224205124462 0.003680803896858683
0.001874753747067066 0.001042908857010105 0.001226754286279977 0.007192146777899225 0.006106608923934932 0.007864799209245411
-0.00034072396696319 -0.00101698327374664 -0.0007377940754453121 0.006553462195176875 0.005531366468738903 0.006863238955439443
0.001406717812928941 0.000765562128798078 0.0009168157231210639 0.0057846363308912 0.004885499508153522 0.006269525892258276
-6.272923911490945e-05 -0.0006429549521060759 -0.000422234990504534 0.005488257331816668 0.004604224606824866 0.005656985966478198
-0.0005519438084980577 0.0006483233221319153 0.0002556844824349664 -0.01116893875823323 -0.009426036478432853 -0.01117114550023568
0.0001084472481255844 0.000725217042750167 0.0005056422413801169 -0.006751345670153133 -0.005586718681236418 -0.006530917660798669
-0.0003747450685829639 0.0003948519241723554 0.0001666227933573542 -0.007674422678295973 -0.006403221616573609 -0.00747344845065682
-0.002009109223294574 -0.001194086167047167 -0.001329344235822057 -0.008046413429364959 -0.006722481093698383 -0.008167646378198485
8.304534480311571e-05 -0.000482896133580175 -0.0002800520361407334 0.005200865006630201 0.004472784379670116 0.005741937511181087
-0.002235299071158791 -0.002726418959188544 -0.002396064482292278 0.005694982536248731 0.004805249969596372 0.00579410041909333
0.001430398970762514 0.0009833950188196273 0.001060711173467104 0.003953725150401198 0.003453553098096121 0.004724785454134778
0.0005400937132815992 -5.18938248801937e-05 0.0001455066585270458 0.005940194666451066 0.005055996349251127 0.006526040434418173
0.002205403000951151 0.001745457376878076 0.001767987362846145 0.003673754776130995 0.003156296720576577 0.004317445370203994
0.004190421158638266 0.003437988476817448 0.003451587041234739 0.005770878941732608 0.004972982560016024 0.006903471613106545
0.004353255162885514 0.003471496240206031 0.003526106211149801 0.006551793881835841 0.005634831535610916 0.007631697936751801
0.0005734160391036867 0.0001302489763538342 0.0002626272472401958 0.004191543710281269 0.003469754262589989 0.004266079379227025
0.002510339448289696 0.002937662692146493 0.002634753371685953 -0.005999041603972205 -0.00493461798887525 -0.005617879522422319
-0.002085598277311957 -0.0007883449264272181 -0.001100773293419198 -0.01162296424376947 -0.009829596308157044 -0.01185573816965731
0.0007483510791275931 0.001707521781085297 0.001336432106457836 -0.01035999397879588 -0.008619571334527133 -0.009988134065294762
-0.002132664410940896 -0.002287678075302647 -0.00203711698981866 6.206457463558928e-05 0.0002277534873034124 0.0002732730835817657
-0.006100714844470556 -0.005378166491906034 -0.005220808956447795 -0.005524648183746056 -0.004747605909763894 -0.006361614861117454
-0.003000089901917117 -0.002849447652972917 -0.002664697276719032 -0.001914944991379037 -0.001500028500361017 -0.001906413048543792
0.009216559956450002 0.009120542442181698 0.0085470333826546 -0.005270761898891905 -0.003852411893596382 -0.002875039777584767
0.003116610240819108 0.003358705177576933 0.003099785804838339 -0.004611281690117311 -0.003609145045758778 -0.003590237748999322
0.004159076401783596 0.004239519010521529 0.003958896863269995 -0.003634227316479883 -0.002748048360851083 -0.002387317746109944
0.0007824970268338805 -0.0003159369978577415 4.622874103000526e-05 0.009300859423399347 0.007971411825361546 0.00995419307024401
-0.000912696129874654 -0.001364725802900452 -0.001145639100288054 0.004651276798951659 0.003939380037034057 0.00487237266555901
0.001013315417258555 0.0005500790164760003 0.0006612949280541455 0.004361544537530842 0.003767801748159779 0.005014904430222871
0.004574803439952221 0.004478406709441382 0.00421419705805283 9.064565878058358e-05 0.0001259352929396309 0.001079631806949363
0.0009950085713348086 0.0007974262995225194 0.0008189950227695795 0.002587235079614998 0.002093174707127666 0.002914875962102396
-0.001198892346546898 -0.0005354273267989558 -0.0006870327818897875 -0.006339873792335342 -0.005361363217756833 -0.00665121786020568
-2.399317201143373e-05 0.001107017007892076 0.000692055562133116 -0.01081299017338614 -0.00912262126685728 -0.01087130005006422
-0.003647129888455312 -0.003017592253529894 -0.00298590237689218 -0.005055979345160319 -0.004286396049680405 -0.005489779748137751
-0.002608576824326078 -0.001659879832113355 -0.001801498200481641 -0.009121460101485412 -0.007664243407114108 -0.009320471588911272
0.0004534355212594567 0.0009327007952680543 0.0007749314912766402 -0.006092166054565118 -0.004944823936940184 -0.005512478569282422
2.541619445892786e-05 0.0004988340909117078 0.0003582784013525194 -0.005738921290297566 -0.004674726472642729 -0.005241248699334481
-0.0007965657307619409 -0.0008868053600303174 -0.0007526559377684251 -0.0005310760674575768 -0.0002166221194089969 -9.786359908476085e-05
0.007616351721932776 0.00819706047603585 0.007497734877587238 -0.009208886583798643 -0.007374929172678452 -0.007412504578501434
-0.004265777243354931 -0.004926410335239805 -0.004363811591738662 0.008347101283461616 0.006855948601962578 0.007814973297870027
0.0002438058398605784 -0.0001186247863944043 0 0.003669520338711108 0.003141672646659638 0.004161429546971369
0.0005114730299961171 -0.0002310725645827306 1.888185783258989e-05 0.006634552603467636 0.005705465028188221 0.00724203939338681
0.001811306722452554 0.001644620654505606 0.001584655979988572 0.001622450291867127 0.001479795400352051 0.002561377898787538
-0.001806464304696962 -0.001789767416638723 -0.00167695561856972 0.00157762220162123 0.001284428896464363 0.001688352430520529
0.001991330103840672 0.00161063342764004 0.001645882302117827 0.003421306144954151 0.002956286976267899 0.004043288432651317
0.005271165027909174 0.004900274593963133 0.004695216861138251 0.001961672211308633 0.001834638237684468 0.003346321444933124
0.005355295134343991 0.004631043628943014 0.004558039792768153 0.004732284978109128 0.004167570996800721 0.006050882793360123
0.006660701660599798 0.005541697432768359 0.005534129965663192 0.007383935186241952 0.0064667744891909 0.008898591597005743
-0.0008521106801848906 -0.001182255589733345 -0.001000690068767834 0.004168028840591512 0.003419456155352041 0.00421556559184389
0.002136602937481635 0.001839285797672288 0.001817479145513695 0.002436069607066304 0.00203516037285251 0.002825337292002484
0.003787932392096186 0.003313994576673454 0.003240892438485151 0.002926228418244163 0.002537387291291465 0.003625073673201129
0.00345099334408746 0.004238436130621789 0.003735323632904176 -0.00940974886286587 -0.007821598100875361 -0.008927426691247907
0.0001534381267504011 0.0004334858615080457 0.000347625152254288 -0.004231296270754673 -0.003460317408237511 -0.004146975659989063
-0.003165663573802427 -0.003006744075240881 -0.002820916721326265 -0.001739824265030044 -0.001397930152301941 -0.001984739117582354
-0.002233064534357407 -0.001841358863077097 -0.001801418428988643 -0.00436660208850186 -0.003579646394105337 -0.004395491444383738
0.0003362431706205684 0.001079143261419806 0.0008234771074938867 -0.008267507764418335 -0.006805668412157066 -0.007816312087557719
-0.001211775041715131 -0.0008896676422547052 -0.0008868493288648791 -0.004232653335690071 -0.003416831046229887 -0.003968763381179391
-0.003754615910084939 -0.002892833048915703 -0.002934351050642876 -0.007059566948635024 -0.005973547505899464 -0.007391263593661044
-0.003618274195683778 -0.00312852529290764 -0.003048259325055905 -0.003728155642280414 -0.003175609955353936 -0.004121438738606606
0.0002206042462583717 0.0004578909988418386 0.0003981421322173317 -0.003595999782356202 -0.00285124798178946 -0.003111377106389375
4.330352555918286e-05 -0.0002323665890199484 -0.0001379503590127431 0.002997867569981689 0.00258983710875949 0.003624753038300789
0.001845055550191702 0.00122020067855257 0.001339197180751885 0.005074617089001888 0.004440977641700456 0.005966027993513867
-0.0003378646778757871 -0.0007268600739794897 -0.0005538474364923033 0.004312950163026571 0.003706454504448121 0.004880115374953717
0.002643174231554012 0.001873585988881416 0.001989965295773412 0.005917860573967404 0.00515926036686806 0.006911314108142116
0.00277294133177558 0.002849858372586972 0.002642480750809338 -0.0008044756031125501 -0.0005706095611232572 0.0001755942660465321
0.004906688083587416 0.004440361666286068 0.004308541698200632 0.002937512998492137 0.002654383796983691 0.004231529621945274
-0.001287492271171739 -0.001340273090575923 -0.001220454395407151 0.002384647710866908 0.001941301776662941 0.002470837956612753
0.0006041389488335637 0.0004314376176399137 0.0004665316636527786 0.002550552574881987 0.0021135577495668 0.002932610846727147
0.004824620347078827 0.00434945813276456 0.004220889046741169 0.003036606725040532 0.00266534827797944 0.004187397816062743
-3.663967762417375e-05 -0.0003712671572563489 -0.0002304860462570037 0.003991674342881076 0.003273972554236212 0.004093520049681869
-0.0008043780105853169 -0.001223968399226409 -0.001003389619757401 0.004795643981574648 0.003934500614757618 0.004652554466041106
-0.001177731105362998 -0.0005483699784732252 -0.0006764481033093916 -0.005931812681158128 -0.0050092196235551 -0.00617451773128873
0.004682968570451152 0.00510661967118542 0.00466173598362407 -0.007035216963807852 -0.005680978388464837 -0.00598949117770243
-0.002023748565324978 -0.001806062231610053 -0.001705883354032966 -0.002711186481500337 -0.002181141102485933 -0.002749748460970977
-0.003315634183648988 -0.003180114232385016 -0.002964675886001904 -0.001875658951510284 -0.001450237661385103 -0.002049766176854421
0.002305946529703469 0.002203991522540351 0.002136886628172006 -0.002473212503822494 -0.001758913690767547 -0.001579686295305327
-0.0005765117626470185 0.0003477402193447256 8.243336437859429e-05 -0.009359760599865015 -0.007776170340958137 -0.00912683725101179
-0.001365124318243779 -0.0011304762588727 -0.001076426688846995 -0.003277426467330165 -0.002606957528282721 -0.002991037008991723
-0.002865456676053093 -0.002368136774614636 -0.002327497671478463 -0.00468765579178764 -0.003889029792058285 -0.004841723235350643
-0.0004991488745671075 0.0002698508190567239 4.677286274299375e-05 -0.007503137784461118 -0.006258075501062848 -0.007320444171787095
0.001670956946336903 0.0005465340420412884 0.0008643895531854386 0.008996969106576467 0.007791321061943635 0.009927741208762213
-0.0003971167576562479 -0.0009037990717279522 -0.000684571198884596 0.005111578754913208 0.004354917004414869 0.005459680410719006
0.001712008216842027 0.001403626305689233 0.001409230109839913 0.002782876381316459 0.002439397074870687 0.003512494301077312
0.003135375983440178 0.002458734140135933 0.002513014463154201 0.004983874034778863 0.00442968117792719 0.006214837860386669
-0.0004246282433851097 -0.0005586663188565099 -0.0004698236494158465 0.00254561606980037 0.00216912694491786 0.002922853938319594
0.001335317835626557 0.0008500223789869237 0.0009494345442014675 0.00422907045383191 0.003700175717510213 0.0050321914807282
0.000546037941658003 0.0002599750465287881 0.0003422959724688942 0.003673614083218134 0.003109319621067847 0.004186447745707026
0.001427676883918671 0.001008827909116595 0.001088868208288714 0.003867390932334941 0.003373574274477528 0.004705206058535073
0.003369300231373445 0.003125315189939972 0.003012227344431927 0.001995663736372504 0.001785587006195784 0.002963455859407044
0.001484558855908041 0.00104303776710785 0.001131253827445915 0.004131351260926176 0.003550529173565083 0.004825073489388623
0.006276195031906889 0.005590553599508478 0.005455340886481877 0.004206152156018749 0.003766713795382336 0.005681143093526926
0.003757259594181244 0.003148664575268706 0.003143659327132864 0.004289767089857418 0.003761721668064169 0.005360993606718636
0.003188782531424046 0.003185624478950199 0.002991874256333406 -0.0001897932277290786 -0.000140387998299463 0.0004185911903513989
-0.002540255768994686 -0.002090331671681725 -0.002047079411847068 -0.004258620180468275 -0.003509414241443152 -0.004459007382853052
0.002071937938043803 0.002210201028074408 0.002077321645502588 -0.003868336093997794 -0.002981206557371629 -0.003047865058433292
5.361025225415072e-05 0.000386277591326598 0.0003067595178694748 -0.004598891847173837 -0.003670336267844162 -0.004200911050699994
0.00288275712005129 0.002437294775157854 0.002471174925536761 0.0002498344410822015 0.0006122913385369568 0.001422061567996234
0.005422365315770841 0.006270236461600338 0.00561283070100965 -0.01033600522487071 -0.008453090536611429 -0.00920779933671162
0.003701343898948027 0.002847387567082843 0.002931156146348623 0.006184613034386029 0.005457924906258313 0.007429209360413527
0.0009814747321219975 0.001078010109160073 0.0009743894254532889 -0.000151111188254309 -3.960765185267826e-05 0.0005441824655057051
0.003266446032823659 0.002646301818080533 0.002670268443641907 0.004305414944364529 0.003840231108673061 0.005459463949030587
-0.0003404358501134615 -0.0008044840961471072 -0.0006000167134598522 0.005075805794519671 0.004353755002319461 0.005536568784276603
0.002499747971227296 0.002575484168923737 0.002389947550779366 -0.0009690589348992943 -0.0007053029304389726 -9.095741729023736e-05
-0.0004094574137820238 -0.0001437232555257741 -0.0002082331188493127 -0.0007920309542404691 -0.0006946647730663141 -0.0003842980329853563
-8.538191244767185e-05 0.0002770376793539546 0.0001606179748522618 -0.001469856740803987 -0.001267808236401999 -0.001151977111548738
0.002422925437018165 0.002232395782883805 0.00215705620059187 0.001636586209216436 0.001488900516622476 0.002565935324036874
0.001934002996846224 0.001922425086975305 0.001827618704361295 0.0008148538723526143 0.0007649786279620482 0.001567465837697586
0.003964290992363682 0.003681238937077482 0.00354750253088014 0.001851389145813442 0.00168817614936362 0.002770643281654928
0.004801260354717068 0.004575441082891273 0.004356747253891154 0.0007073164587013608 0.0007199059587392395 0.001827250480168539
-0.0004175475086035348 0.0001944675573599859 2.780739257044274e-05 -0.006194640786573901 -0.005187677519962607 -0.006122452986816374
0.003081048200920251 0.003125990243995429 0.002955032250311566 -0.003728803284810393 -0.002834914175852475 -0.002792186933121042
0.001748232250608423 0.001627806732439653 0.001621909717973468 -0.00129002568423358 -0.0007640524309644705 -0.0005284859069663736
0.0005918366315181369 0.0004634427509055158 0.0005400673204448926 -0.0008101037807305597 -0.00039411517326477 -0.0002249025857580892
0.002933916204058218 0.003768470183281265 0.003288424498265189 -0.009878529385495754 -0.0081202148935028 -0.009095118748147136
-0.000103908956379399 0.0002721955434219824 0.0001953049156349442 -0.00466026005793768 -0.003732458593219847 -0.004302369280160692
0.00112956475654754 0.0001185205461237931 0.0004287224757004852 0.008488707816382571 0.007338988190647869 0.009437266600600314
-0.00267515848123112 -0.002877132348564611 -0.00262494629577664 0.003661509685594479 0.003045743764472541 0.003676537527653779
0.0009395125688062714 0.000654048191526807 0.0007112655119236786 0.00297052619396354 0.002596408316782951 0.003640378183610142
-0.0007485185529002024 -0.001164710070501822 -0.0009562918221000049 0.004655932134252467 0.003992248335406816 0.00517132301893177
0.0007721073272128282 0.000996715671458006 0.0008686817509883046 -0.001103959906905046 -0.0008758029503866383 -0.0004399237395353042
-0.001891465221380805 -0.001719286503073754 -0.001643914788778728 0.00066245762344077 0.0005037535595525389 0.0007859569983493039
0.0007778953494032373 0.0006226300475255183 0.0006492244530808236 0.00220918108648681 0.001924607812453793 0.002870964243905145
-0.000592423096808252 -0.0007690295133883145 -0.0006448739644947791 0.002830446100188931 0.002420073517566333 0.003215469697043886
0.001582093821001515 0.001548918032567544 0.001483083007596677 0.001070014577455171 0.0009744832880937104 0.001854264509389341
0.003611662679590505 0.003772640910680367 0.003486929554735229 -0.001883723150422656 -0.001478418918071541 -0.0008986211905479158
0.004960547002467215 0.004932677570267358 0.004641338868983494 -0.0007845409818849885 -0.0004694404471556988 0.0004926451188012806
0.005402704922652647 0.005076870924161979 0.004863912960203423 0.001406515579635589 0.001388962353503951 0.002805388540164327
0.005314002295147097 0.004569809606419884 0.004530023186371634 0.004951068391703829 0.004416391227687583 0.006397436115152822
0.002556280524660698 0.002673416266811193 0.002506024549762456 -0.003131095699722948 -0.002451670867342417 -0.002458004094950095
-0.001346591134191612 -0.0009239855066682358 -0.0009408974927101533 -0.004317149905339259 -0.003574031678950904 -0.004372481398832125
0.001719487505907518 0.002251877011366473 0.001976972425362055 -0.00653927142896693 -0.005294709102269265 -0.005964189696323886
0.0006055915322221757 0.0005417380659755421 0.0005162386276638536 0.001249467214661163 0.0010580787853135 0.001840871316071004
0.0002593517037495107 -3.248255273901702e-05 6.254746285355654e-05 0.003151216552713536 0.002701938626893107 0.003712241341176252
0.002390412883357984 0.002158715893138618 0.002111116878216813 0.001983379167138657 0.001833846021314535 0.002987772672286332
-0.0002283805356788914 -0.0003267343203686163 -0.0002454489535915754 0.001991767835996254 0.001750402036116597 0.002459412496990504
-0.003233610416745331 -0.0031454985157878 -0.002957857101735266 0.001603873258222048 0.001237093656495671 0.001336159605502968
0.003379956195187623 0.002612363893543672 0.002705014116195235 0.006010105258328196 0.00527665385205248 0.007239486527121643
0.006114097430737927 0.005361636288770445 0.005266270296325815 0.004630128371198892 0.004167097166463862 0.006249993055132305
0.00804134147729841 0.007400568070477009 0.007151398523320441 0.002754777772351554 0.002673385935956089 0.004710093205460072
0.002184717005494116 0.00207597972980401 0.002001348796778846 0.001223096869931674 0.001045038834048312 0.001911872167564867
0.001846042477366064 0.00203223071459817 0.001880507051662653 -0.003618703900219115 -0.00282473314487479 -0.00302906261794676
0.002737888473378237 0.001993745263221972 0.002097354593168024 0.005626494531776164 0.004886364126785434 0.006543296946083513
0.005032739805628426 0.004765019941343061 0.004532556218857779 0.000955475155017787 0.0009564179717863863 0.002262349484235602
0.0009798344274559523 0.000869336904668536 0.0008512298868974451 0.00162768387975538 0.001357887894211792 0.002211643454308198
0.0002940580709605396 0.0004165671001916071 0.0003668108730979417 8.417447378241743e-05 0.0001172488093117918 0.0006433493247514449
0.0007692307722582185 0.0008207265104006984 0.000763449069652419 0.0003590258096850016 0.0002924928601055678 0.0009059513497416025
-0.001566360209548545 -0.001005081696928666 -0.001105649155906501 -0.002949324033455411 -0.002616120915796787 -0.002989373777738686
0.003247400769636744 0.002827850390489117 0.002799623146022385 0.002946116984006454 0.002670893540502085 0.004052088109143083
0.003561739182558296 0.003224107990032887 0.003153713260587739 0.002453863854109349 0.002196878674751359 0.003531133989583872
0.003789020352793486 0.003875445979984707 0.00361882809693542 -0.001234565760255924 -0.001005084458224208 -0.0003302489973569562
0.001862925863863495 0.001402633133445564 0.001536408237100028 0.001485749306987259 0.001592407423558263 0.002225240310714352
0.002568898412218361 0.002336860470256344 0.002315609023477657 -0.0009968661401357224 -0.0005478373780371669 -0.000180527175326921
0.0005549287692354904 2.046245905090388e-05 0.0001958507527179668 0.005020013001409032 0.004304964516784984 0.005606209558745363
0.001764197753248663 0.001613921972167629 0.001573493983511143 0.001638517656893109 0.001450997672873834 0.002365864378549886
6.466925643024096e-05 1.864644339186688e-05 5.736458761772604e-05 0.001471961662296216 0.001263674161556275 0.001941693891224651
0.001110838741289314 0.001591055642626385 0.00135518100861212 -0.00349154986357199 -0.00293761221320057 -0.003011066207034407
0.00314734060021684 0.003163128966843037 0.002993330960629023 -0.0003164960389332104 -0.0001254085513212476 0.0007275698624562714
0.003879208342185077 0.004025137332930228 0.003750971501617933 -0.001972814706645008 -0.001536516273353663 -0.0009890557964258877
0.009161275258729788 0.008839137965789574 0.0083922902716337 -0.0006214551806907412 -0.0001842746967000456 0.001398543786469345
0.00519557672001998 0.0052268142675447 0.004906608260762436 -0.001776280287684172 -0.001343207031841773 -0.0006743662261433366
0.005081043982953948 0.00513425021174509 0.004852801697017464 -0.003559302678192727 -0.002703022743596995 -0.002448664476312696
0.002796985865009407 0.002829336901761356 0.002712622082291869 -0.002869781335965421 -0.002153696968911757 -0.001987179466453498
0.003840370934051254 0.003844699020251179 0.003650785841530085 -0.003077590678807685 -0.002290504979721866 -0.002022774443385339
0.004813689170208713 0.004446508950290108 0.004274230486931359 0.001768005471645331 0.001688122852087691 0.002983749970873906
0.002477393890035694 0.002280300031134905 0.002204212518028404 0.001542829164106472 0.001365891377178818 0.002305584131006423
0.0005032694063235999 0.0008174140626535618 0.0006874087995406255 -0.001680345495800546 -0.001439641323749179 -0.001153931081123834
0.00041693531558896 0.0008467408532995371 0.000671238808982644 -0.002769172199495918 -0.002384349908259627 -0.002504201234823988
0.005149636207001689 0.005120128156453549 0.00483589445762568 -0.001149653633590256 -0.0007876013833105193 0.000125259034452241
0.007471433471354391 0.007436190560205383 0.006984171290824666 -0.002678746660550692 -0.002094942798865954 -0.00157006989153454
0.006938074724689268 0.006928255995389078 0.006524495144587716 -0.002978759359384548 -0.002334094619849649 -0.001936152777605603
0.005151691394514876 0.005228497783880206 0.004912960887578161 -0.003030613622428987 -0.002378902673881985 -0.002132062226223671
0.001347455630099197 0.001190620131913684 0.0012484860892357 0.0001130349033471981 0.0002531407630811402 0.0004602254616955299
0.004139610741589755 0.00391520329498838 0.003790416379592167 -0.001040885739972613 -0.0005721985147132351 -2.815537249040377e-05
0.003977792387459224 0.003733385890601201 0.003640211904221213 -0.001206021609988462 -0.0006626882985508819 -7.688024735988794e-05
0.004634841985951772 0.004837611869482356 0.00451895764887802 -0.005015879109001161 -0.003911720122235799 -0.003899859646371918
0.00365914251676753 0.003418995124152952 0.003275510506873035 0.0009449517885637271 0.0009365820417376911 0.00197517122255175
0.00391209010776889 0.003873089602339634 0.00366806602074821 -0.00121614471972577 -0.0009723509757207423 -0.0006483391878945802
0.006286516036946969 0.006239102865917531 0.00588489105247135 -0.002322144757449039 -0.001828574691784937 -0.001499225544809346
0.003286809062686167 0.003218492830201353 0.00308412753690481 -0.0008497817668726422 -0.000653454403079527 -0.0003839394794570556
0.003919196538346092 0.004233255525902069 0.003914570388742106 -0.0043166757479064 -0.003632239975291037 -0.004037439539589877
0.003622965888796278 0.003549832845657657 0.003411593678134696 -0.001114264759862074 -0.0008270110203782022 -0.0005145104802008993
0.002724400740758022 0.002451995689301462 0.002463308216380969 0.0005601373190285519 0.0006574023986399475 0.00112243585349644
0.003617602997939314 0.00333965237474859 0.003295818935122388 0.0001779854105205489 0.0003771475941455645 0.001008414162075475
0.004846756858486503 0.004691468366401223 0.004504871218934323 -0.0016249785029848 -0.001086629445427899 -0.0006600315671217518
0.002571535134067038 0.002389267538013225 0.002379409632964226 -0.000732108741155266 -0.0003568118425038754 -9.376055561752251e-05
0.003229522921067702 0.003075145400394073 0.003000734987351259 -0.001102165387464579 -0.0006310698205939518 -0.0001372759370400427
0.004991186415881369 0.004676292096017829 0.004541349791499132 -0.0005815774476357748 -0.0001388911877529755 0.0005879201176886636
0.006882017931873038 0.00701370988740177 0.006559899554428064 -0.005199377140880536 -0.004011071778811367 -0.003762534137802874
0.005526399185012065 0.005668821818189993 0.00526223115401207 -0.00296831674095434 -0.002380885498155083 -0.001866419148427746
-0.001009905337233075 -0.0004452479739966221 -0.0005716357856033466 -0.003316784153911295 -0.002930291670112536 -0.00335519185535071
0.004023444839667473 0.004307710046802799 0.003984310708773121 -0.003219660026367239 -0.002614263551114972 -0.002197237215929888
0.004425032240391892 0.004204518519941544 0.004063834959880218 0.0008744872196071148 0.0008584473898767102 0.001889139127572662
0.005220693698300658 0.005354113330219327 0.004996776025653763 -0.003114508524316591 -0.002543447901902164 -0.0022860117128004
0.003628772430977793 0.004085907169963521 0.003718285448288975 -0.004811384140404011 -0.004038018794122436 -0.004236123348113294
0.004153160775520779 0.004519597243944086 0.004148498027381695 -0.004474962014619665 -0.00378679901739312 -0.004003557011112603
0.002577493702473549 0.002594977047264721 0.002476548228524878 -0.0009485220919339624 -0.0007680188776285739 -0.0005375534441575933
0.0006044211855406286 0.0009346414356894064 0.0008435486334179924 -0.00257645583807386 -0.002236392519222378 -0.002667738670561763
-0.0001120177781611194 0 5.941330177935815e-05 -0.0007982823785943624 -0.0007229002115658244 -0.001007222128706246
0.004702781466925946 0.00440476605423283 0.004271971088535448 0.0002152842194144365 0.0003244638459388206 0.0009323642302952382
0.003404853804064838 0.002790857107542868 0.00289894478413821 0.00301321926203027 0.002833685154790823 0.00390058539138574
0.001583067342631216 0.001145844477058951 0.001291880909602081 0.002190999041427047 0.002016953730691543 0.002636724430223884
0.001172473632735867 0.0009308905708318609 0.001049276850189784 0.0009063758810022024 0.0009607426908985952 0.001280663753813258
0.002296165972412302 0.00187391791485475 0.001987343424547539 0.001594986323286097 0.001640245716128674 0.002329898606771379
-0.0002827199221851349 -0.0007356843776270998 -0.000446564241083306 0.00263048235725854 0.00244830268154256 0.00285723989791498
0.005267061233162547 0.005136151269766181 0.004899616515820888 -0.002205648098375628 -0.001497200771687789 -0.0009520431878875398
0.003025489380417648 0.002964780390344459 0.002809106481569338 -4.52130080115807e-05 2.373598650466752e-05 0.0007038953738963109
0.004744696516061695 0.005230311913474925 0.004785422639662551 -0.005030903552811696 -0.004188073122816852 -0.004025799921416939
0.004268876178377176 0.004493215968172884 0.004182880013576571 -0.002721631826289328 -0.002232844366697362 -0.001820493509357976
0.004521843899345612 0.00446181924190051 0.004255194035581261 -0.001300872670512572 -0.001000559205042529 -0.000552892200011532
0.0035931297003222 0.003120780287226029 0.003133743832435284 0.00255007542035624 0.002282785441133454 0.003318087568515774
0.0008948700056910088 0.00088434039092196 0.0009083485817442196 -0.0003651077017409232 -0.0002794604466274313 -0.0002124710774958063
0.0007353653093937692 0.001064028372396096 0.0009708495061444016 -0.003111493970314493 -0.002634321773876548 -0.003054118021412105
-0.001489529245644405 -0.001645301079930453 -0.001393856498918529 0.00209923381767484 0.001728625643626278 0.001846698611802762
0.002478738924166791 0.002946424033611247 0.002679483335089074 -0.005167132945490395 -0.004257637358183721 -0.004695363561319064
0.003333695455466521 0.003147846005000961 0.003100870782180542 -0.0002535026242272457 0 0.0005689728868000942
0.00120550429344736 0.0006053424798966552 0.0008419428933592211 0.003660614508066888 0.003285176323277947 0.004046236867369317
0.004818666471148691 0.004379806231848754 0.004323566502421962 0.0009021748710569214 0.001125897132406649 0.002235705561243908
0.003467292373710238 0.004088767036475117 0.003676570008371733 -0.00570300439117578 -0.00480997322604369 -0.005014465982130777
0.001599838652471581 0.001915102570821121 0.001772254669726714 -0.002379759277781541 -0.002060126629517971 -0.002052086125014407
0.005587369995560115 0.005623307866805935 0.005316644219928689 -0.002119768153871604 -0.001663041217415012 -0.001088229515216979
7.786235263406369e-05 -0.0002102707743035246 -2.946607674705563e-05 0.002812224456583519 0.002348315638214113 0.002881327982242964
0.002105246053324006 0.001961558059235481 0.001967114191289527 0.0006396347249235543 0.0006356027675021478 0.001240210012292067
0.0007913533038815914 0.0006409940427676779 0.0007290124323937227 0.001222548551703156 0.001029448206233908 0.001431852279924252
0.0009615613077803592 0.0007679134331114756 0.0008709537747666669 0.00130341612685797 0.001126457223182332 0.001440689569189181
0.002048686330451377 0.002019179611148189 0.001997355485399871 -0.0008315914541669855 -0.0005317004638282959 -8.821599100838616e-05
0.003681817258201 0.003416591295749468 0.003368449543768597 0.0003770503137900213 0.0004940966288633098 0.001155478871617071
-0.001382999021606 -0.001519464550396402 -0.001280450889826497 0.001433505926183447 0.00128724577491413 0.001520439636623783
0.002180439116036425 0.002098454062194411 0.002091006582619565 -0.0006682962288283128 -0.0003708745492551986 -4.660297156539886e-05
0.002665516510160306 0.002233687627583389 0.002330597146936571 0.001844098749834422 0.00183404045881722 0.002726529249612484
0.001476994113217542 0.0009384485190767903 0.001136440449501118 0.002962244384514663 0.002736660236188836 0.003566430968078228
0.0008154169093055163 0.001215515437430333 0.001074390044050356 -0.004449612338575556 -0.003624830097623904 -0.004083772177354159
0.002361769254045438 0.001754948491632219 0.001846568908146169 0.004760441188159184 0.004087248362927229 0.00547656001068622
0.002814916149409014 0.002927340135817496 0.002774613727842848 -0.001309114818683303 -0.001051847273807771 -0.0004181163453044748
0.002832499421174287 0.003090731033189263 0.00290058805639374 -0.002596886638481031 -0.002116759625741352 -0.001827978356068787
0.003142834400508904 0.003525025474069393 0.003260735013996626 -0.003856535664285935 -0.00316488581737254 -0.00309321948376933
0.002497242692869344 0.002154593706734906 0.002207732873786102 0.001881660390345288 0.001782789373215642 0.00265384791768384
0.0006880854413023012 0.0004766943157318772 0.0006190383753781818 0.001362258176516386 0.001313333435481566 0.001825571711497582
-0.001507632365091585 -0.001527478128987108 -0.001328886653492158 0.0009175444891732181 0.0007293293279984733 0.0008278228517126629
0.002154701969197661 0.00221660981450832 0.002168771970690986 -0.001577069609246657 -0.00112042513207821 -0.0008476247924497113
0.004747715048814112 0.004501954220777385 0.004380640222951471 -0.0004312566753088194 -1.201140212558063e-05 0.000885430417397005
0.0001365913302487321 0.0002456957545682547 0.0002821451489305053 0.0001048506125089307 3.379139255734307e-05 0.0004023613109283433
0.0005908989370276187 0.0001079395751559691 0.0003054027232964981 0.004105835869842299 0.003563504766892516 0.004604140199055474
0.0005764812643702736 0.0006193163188161736 0.0006546840089900349 -0.0003702882715073618 -0.0002506088437201665 5.650099609403776e-05
-0.001322070455202003 -0.001014724914270643 -0.0009519110724392035 -0.00196968020308876 -0.001638301909446355 -0.001953976557643309
-0.000385262671983391 -0.0001048744689695219 -9.650638430549865e-05 -0.00213536678837063 -0.001735091534837569 -0.001766978483100147
0.001801588127868578 0.002310423702936344 0.00203915505719058 -0.004656992660516799 -0.003927387352657231 -0.004198793730113485
0.003546637971944412 0.003421683185585556 0.003292063847429723 -0.000191224680929149 0 0.0008385450342937527
0.002402593324635665 0.0033147377350453 0.002855025562820248 -0.007845034111105062 -0.006610950065175989 -0.007235142078958133
-0.001020067528320965 -0.0009545249171266275 -0.0008218652676021701 0.0002836105640088466 0.0002134034609354411 0.0004247270480448604
0.001644943933497846 0.001054553973573308 0.001237630448445473 0.003970717628200055 0.003514184218007112 0.004569379743559779
0.001012832892332861 0.0005207476000742134 0.0007089439630872987 0.00334308402307601 0.002992124538807681 0.003906205893342931
0.001009077924915932 0.0004595029247699689 0.0006876760723334254 0.003697244760387074 0.003338473098806011 0.004409543754494108
0.002180653640785619 0.002368247272129763 0.002208898933119266 -0.0020479976376012 -0.001603004194043704 -0.001245061151595877
0.004224988063666667 0.003955239084710439 0.003833893285898159 0.0002632856236064577 0.0005009155203946345 0.001558262555922369
0.00355135371980057 0.002878057360791482 0.002956198731580707 0.00353232173859396 0.003305769581484114 0.004733199053960893
