3 33
3 45
3 46
3 57
4 37
4 39
4 40
4 41
4 43
4 44
4 45
4 49
4 50
4 51
4 57
5 28
5 30
5 32
5 34
5 36
5 38
5 40
5 42
5 43
5 44
5 45
5 46
5 47
5 48
5 49
5 50
5 51
5 52
5 53
5 54
5 55
5 56
5 58
5 60
5 62
6 29
6 33
6 35
6 37
6 38
6 39
6 41
6 43
6 44
6 45
6 47
6 48
6 49
6 50
6 51
6 52
6 53
6 54
6 55
6 56
6 57
6 58
6 59
6 61
7 30
7 34
7 35
7 36
7 37
7 40
7 42
7 43
7 44
7 45
7 46
7 47
7 48
7 49
7 50
7 51
7 52
7 53
7 54
7 55
7 56
7 57
7 58
7 60
7 62
7 64
7 66
8 27
8 29
8 31
8 35
8 39
8 40
8 41
8 42
8 44
8 45
8 46
8 47
8 48
8 49
8 50
8 51
8 52
8 53
8 54
8 55
8 56
8 57
8 58
8 59
8 60
8 61
8 62
8 63
8 64
8 66
8 67
8 68
8 71
9 35
9 36
9 37
9 38
9 40
9 42
9 44
9 45
9 46
9 48
9 49
9 50
9 51
9 52
9 53
9 54
9 55
9 56
9 57
9 58
9 59
9 60
9 62
9 64
9 65
9 66
9 68
9 70
10 22
10 24
10 30
10 35
10 38
10 40
10 41
10 42
10 43
10 44
10 45
10 46
10 47
10 48
10 49
10 50
10 51
10 52
10 53
10 54
10 55
10 56
10 57
10 58
10 59
10 60
10 61
10 62
10 63
10 64
10 65
10 66
10 68
10 69
10 70
11 30
11 32
11 36
11 37
11 40
11 42
11 44
11 45
11 46
11 47
11 48
11 49
11 50
11 51
11 52
11 53
11 54
11 55
11 56
11 57
11 58
11 59
11 60
11 62
11 64
11 66
11 68
11 70
11 72
12 28
12 30
12 35
12 39
12 40
12 43
12 44
12 45
12 46
12 47
12 48
12 49
12 50
12 51
12 52
12 54
12 55
12 56
12 57
12 58
12 60
12 62
12 63
12 65
12 66
12 68
12 71
12 73
13 30
13 32
13 34
13 36
13 38
13 40
13 42
13 43
13 44
13 45
13 46
13 47
13 48
13 49
13 50
13 51
13 52
13 54
13 55
13 56
13 57
13 59
13 60
13 61
13 62
13 64
13 66
13 68
13 69
14 33
14 34
14 35
14 36
14 37
14 38
14 39
14 40
14 41
14 42
14 43
14 44
14 45
14 46
14 47
14 48
14 49
14 50
14 51
14 52
14 53
14 54
14 55
14 57
14 58
14 59
14 60
14 61
14 75
15 37
15 39
15 40
15 41
15 42
15 43
15 44
15 45
15 46
15 47
15 48
15 49
15 50
15 51
15 52
15 53
15 55
15 57
15 60
15 61
15 75
15 77
16 27
16 32
16 34
16 35
16 36
16 37
16 38
16 40
16 41
16 42
16 43
16 44
16 45
16 46
16 47
16 48
16 49
16 50
16 51
16 52
16 57
16 58
16 60
16 61
16 62
17 27
17 29
17 31
17 33
17 35
17 37
17 38
17 39
17 40
17 41
17 42
17 43
17 44
17 45
17 46
17 47
17 48
17 49
17 50
17 51
17 52
17 53
17 55
17 57
17 62
17 64
17 66
17 78
18 24
18 30
18 32
18 34
18 36
18 37
18 38
18 40
18 41
18 42
18 43
18 44
18 45
18 46
18 47
18 48
18 49
18 51
18 52
18 53
18 57
18 59
18 61
18 63
19 30
19 32
19 34
19 35
19 36
19 37
19 38
19 39
19 40
19 41
19 42
19 44
19 45
19 46
19 48
19 49
19 50
19 51
19 52
19 53
19 54
19 57
19 60
19 64
20 23
20 25
20 27
20 29
20 31
20 33
20 35
20 37
20 39
20 40
20 41
20 44
20 45
20 47
20 49
20 50
20 51
20 53
20 57
20 65
21 20
21 22
21 26
21 28
21 30
21 31
21 40
21 41
21 44
21 45
21 47
21 49
21 50
21 52
21 53
21 57
21 62
21 63
22 20
22 21
22 22
22 24
22 26
22 28
22 30
22 32
22 38
22 40
22 43
22 46
22 47
22 48
22 49
22 50
22 52
22 53
22 54
22 55
22 57
22 59
22 62
23 18
23 20
23 21
23 22
23 23
23 24
23 27
23 36
23 40
23 42
23 43
23 44
23 46
23 48
23 49
23 50
23 52
23 57
24 18
24 19
24 20
24 21
24 22
24 24
24 26
24 30
24 41
24 43
24 44
24 47
24 49
24 52
25 16
25 18
25 20
25 22
25 24
25 30
25 36
25 40
25 42
25 44
25 63
26 17
26 19
26 20
26 22
26 37
26 42
27 15
27 18
27 19
27 27
28 17
28 18
28 19
28 20
28 27
28 49
29 15
29 16
29 17
29 18
29 21
29 22
29 24
29 26
29 40
29 42
29 44
29 48
30 15
30 17
30 19
30 20
30 21
30 22
30 23
30 24
30 25
30 42
30 44
30 50
31 13
31 14
31 16
31 17
31 18
31 19
31 20
31 21
31 22
31 23
31 25
31 40
31 42
31 43
31 44
31 45
31 46
31 47
31 50
31 52
31 54
31 56
31 58
32 14
32 16
32 18
32 19
32 20
32 21
32 22
32 23
32 24
32 28
32 41
32 42
32 43
32 45
32 47
32 49
32 51
32 53
32 54
32 55
32 57
32 59
32 71
33 14
33 16
33 17
33 18
33 19
33 20
33 21
33 22
33 23
33 24
33 25
33 26
33 30
33 41
33 43
33 44
33 45
33 46
33 47
33 48
33 49
33 50
33 51
33 52
33 53
33 55
33 71
34 14
34 16
34 17
34 18
34 19
34 20
34 21
34 22
34 23
34 24
34 25
34 26
34 32
34 34
34 44
34 45
34 46
34 48
34 49
34 50
34 51
34 52
34 53
34 54
34 71
35 12
35 14
35 16
35 17
35 18
35 19
35 20
35 21
35 22
35 24
35 26
35 28
35 30
35 32
35 34
35 36
35 44
35 46
35 48
35 50
35 52
35 54
35 56
35 70
36 14
36 16
36 17
36 18
36 19
36 20
36 21
36 22
36 24
36 26
36 32
36 34
36 36
36 38
36 55
36 69
36 71
37 13
37 14
37 15
37 16
37 17
37 18
37 19
37 20
37 21
37 22
37 23
37 25
37 35
37 52
37 54
37 56
38 14
38 15
38 16
38 17
38 18
38 19
38 20
38 21
38 22
38 23
38 53
38 54
38 55
38 56
39 11
39 15
39 16
39 17
39 18
39 19
39 20
39 21
39 22
39 23
39 25
39 52
39 53
39 54
39 55
39 56
39 57
39 59
40 14
40 16
40 17
40 18
40 19
40 20
40 21
40 22
40 23
40 24
40 51
40 52
40 53
40 54
40 55
40 57
41 13
41 14
41 16
41 17
41 18
41 19
41 20
41 21
41 22
41 23
41 24
41 52
41 53
41 54
41 55
41 56
41 57
41 58
41 60
42 12
42 13
42 14
42 15
42 16
42 17
42 18
42 19
42 20
42 21
42 22
42 23
42 24
42 53
42 54
42 55
42 56
42 57
42 58
42 59
42 60
42 64
42 69
43 12
43 14
43 15
43 16
43 17
43 18
43 19
43 20
43 21
43 22
43 23
43 24
43 53
43 54
43 55
43 56
43 57
43 58
43 59
43 60
43 61
43 62
43 63
43 64
43 66
44 10
44 11
44 12
44 13
44 15
44 16
44 17
44 18
44 19
44 20
44 21
44 22
44 23
44 52
44 53
44 54
44 55
44 56
44 57
44 58
44 59
44 60
44 61
44 62
44 63
44 71
45 8
45 9
45 11
45 13
45 14
45 15
45 16
45 17
45 18
45 19
45 20
45 21
45 22
45 23
45 24
45 52
45 53
45 54
45 55
45 56
45 57
45 58
45 59
45 60
45 61
45 62
45 63
45 64
45 65
45 66
45 69
45 70
45 71
46 10
46 11
46 12
46 13
46 14
46 15
46 16
46 17
46 18
46 19
46 20
46 21
46 22
46 23
46 24
46 51
46 52
46 53
46 54
46 55
46 56
46 57
46 58
46 59
46 60
46 61
46 62
46 63
46 69
47 7
47 8
47 9
47 11
47 12
47 13
47 14
47 15
47 16
47 17
47 18
47 19
47 20
47 21
47 22
47 23
47 24
47 51
47 52
47 53
47 54
47 55
47 56
47 57
47 58
47 59
47 60
47 61
47 62
47 63
47 67
48 10
48 11
48 12
48 14
48 15
48 16
48 17
48 18
48 19
48 20
48 21
48 22
48 23
48 24
48 50
48 52
48 53
48 54
48 55
48 56
48 57
48 58
48 59
48 60
48 61
48 62
48 63
48 64
48 65
48 66
48 67
48 68
48 69
48 70
48 71
49 11
49 12
49 13
49 14
49 15
49 16
49 17
49 18
49 20
49 21
49 22
49 24
49 28
49 50
49 51
49 52
49 53
49 54
49 55
49 56
49 57
49 58
49 59
49 60
49 61
49 62
49 63
49 64
49 65
49 67
49 68
49 69
49 76
50 8
50 9
50 11
50 12
50 13
50 14
50 15
50 16
50 17
50 18
50 20
50 21
50 22
50 23
50 24
50 25
50 26
50 48
50 49
50 50
50 51
50 52
50 53
50 54
50 55
50 57
50 58
50 59
50 60
50 61
50 62
50 63
50 64
50 65
50 66
50 68
50 69
51 10
51 11
51 12
51 13
51 14
51 15
51 16
51 17
51 18
51 19
51 20
51 21
51 22
51 23
51 24
51 25
51 26
51 27
51 48
51 49
51 50
51 51
51 52
51 53
51 54
51 55
51 57
51 58
51 59
51 60
51 61
51 62
51 63
51 64
51 68
52 8
52 10
52 11
52 12
52 13
52 14
52 15
52 16
52 17
52 18
52 19
52 20
52 21
52 22
52 23
52 24
52 25
52 26
52 45
52 48
52 49
52 51
52 52
52 53
52 54
52 55
52 56
52 57
52 58
52 59
52 60
52 61
52 62
52 63
52 64
52 65
52 66
52 67
52 69
52 71
53 8
53 10
53 12
53 13
53 14
53 15
53 16
53 17
53 18
53 19
53 20
53 21
53 22
53 23
53 24
53 25
53 26
53 27
53 45
53 47
53 48
53 49
53 51
53 52
53 53
53 54
53 55
53 56
53 57
53 58
53 59
53 60
53 61
53 62
53 63
53 65
53 66
53 68
53 69
53 70
54 8
54 10
54 12
54 13
54 14
54 15
54 16
54 17
54 18
54 19
54 20
54 21
54 22
54 23
54 24
54 25
54 26
54 27
54 28
54 35
54 37
54 43
54 45
54 48
54 49
54 50
54 51
54 52
54 53
54 54
54 55
54 56
54 57
54 58
54 59
54 60
54 61
54 62
54 63
54 64
54 65
55 8
55 11
55 12
55 13
55 14
55 15
55 16
55 17
55 18
55 19
55 20
55 21
55 22
55 23
55 24
55 25
55 26
55 27
55 28
55 30
55 35
55 37
55 41
55 43
55 45
55 47
55 49
55 50
55 51
55 52
55 54
55 55
55 56
55 57
55 58
55 60
55 61
55 62
55 63
55 64
55 65
55 68
55 69
56 10
56 11
56 12
56 14
56 15
56 16
56 17
56 18
56 20
56 21
56 22
56 23
56 24
56 25
56 26
56 27
56 28
56 30
56 31
56 32
56 34
56 36
56 37
56 40
56 42
56 44
56 45
56 48
56 49
56 50
56 51
56 52
56 53
56 55
56 57
56 60
56 61
56 62
56 63
56 65
57 10
57 12
57 14
57 15
57 16
57 18
57 19
57 20
57 22
57 23
57 24
57 25
57 26
57 27
57 28
57 29
57 30
57 32
57 34
57 35
57 36
57 37
57 38
57 40
57 43
57 44
57 45
57 46
57 47
57 48
57 49
57 50
57 53
57 55
57 57
57 59
57 60
57 61
57 63
57 64
57 65
57 67
58 10
58 11
58 12
58 13
58 15
58 17
58 18
58 23
58 24
58 25
58 26
58 27
58 28
58 29
58 31
58 32
58 35
58 36
58 37
58 38
58 40
58 41
58 42
58 43
58 44
58 46
58 47
58 48
58 49
58 50
58 51
58 52
58 53
58 54
58 55
58 57
58 58
58 59
58 60
58 61
58 62
58 64
58 65
59 11
59 13
59 14
59 15
59 16
59 17
59 19
59 21
59 25
59 26
59 27
59 29
59 30
59 31
59 32
59 33
59 34
59 35
59 36
59 37
59 38
59 39
59 40
59 42
59 43
59 44
59 45
59 46
59 47
59 48
59 49
59 50
59 51
59 52
59 53
59 54
59 57
59 58
59 59
59 60
59 62
59 64
59 66
59 70
60 11
60 12
60 13
60 14
60 17
60 18
60 19
60 20
60 25
60 27
60 28
60 29
60 30
60 32
60 33
60 34
60 35
60 36
60 37
60 38
60 40
60 41
60 42
60 43
60 44
60 45
60 46
60 47
60 48
60 49
60 50
60 52
60 53
60 54
60 55
60 56
60 57
60 58
60 59
60 60
60 62
60 68
61 10
61 12
61 13
61 14
61 15
61 16
61 17
61 18
61 19
61 24
61 25
61 27
61 28
61 29
61 30
61 31
61 32
61 33
61 34
61 35
61 36
61 37
61 38
61 39
61 40
61 41
61 43
61 44
61 45
61 46
61 47
61 48
61 49
61 50
61 52
61 53
61 54
61 55
61 56
61 58
61 60
62 11
62 13
62 14
62 17
62 25
62 27
62 29
62 30
62 31
62 32
62 33
62 34
62 35
62 36
62 37
62 38
62 39
62 40
62 41
62 42
62 43
62 44
62 45
62 46
62 47
62 48
62 49
62 50
62 51
62 52
62 53
62 54
62 55
62 57
62 59
62 63
62 67
63 12
63 13
63 14
63 16
63 17
63 20
63 22
63 29
63 30
63 31
63 32
63 33
63 34
63 35
63 36
63 37
63 38
63 39
63 41
63 42
63 43
63 44
63 45
63 46
63 47
63 49
63 57
63 61
63 65
64 11
64 13
64 15
64 17
64 19
64 21
64 23
64 27
64 29
64 30
64 32
64 33
64 34
64 35
64 37
64 39
64 40
64 41
64 42
64 43
64 44
64 45
64 47
64 49
64 57
65 11
65 17
65 19
65 21
65 25
65 29
65 30
65 31
65 32
65 33
65 34
65 35
65 36
65 37
65 38
65 39
65 40
65 41
65 42
65 43
65 44
65 45
65 46
65 47
65 48
65 49
65 50
65 56
65 61
65 62
65 63
65 64
65 65
65 66
66 14
66 16
66 18
66 20
66 22
66 31
66 33
66 34
66 35
66 36
66 37
66 38
66 39
66 40
66 41
66 43
66 44
66 45
66 48
66 50
66 57
66 60
66 61
66 62
66 64
66 66
67 15
67 16
67 17
67 18
67 20
67 22
67 32
67 34
67 35
67 36
67 38
67 40
67 42
67 44
67 46
67 57
68 15
68 17
68 19
68 21
68 35
68 37
68 39
68 41
68 57
68 59
68 61
69 17
69 19
69 21
69 35
69 36
69 44
69 54
69 60
70 45
71 44
71 54
72 49
