1 1
1 2
1 3
1 4
1 5
1 6
1 7
1 8
1 9
1 10
1 11
1 12
1 13
1 14
1 15
1 16
1 17
1 18
1 19
1 20
1 21
1 22
1 23
1 24
1 25
1 26
1 27
1 28
1 29
1 30
1 31
1 32
1 33
1 34
1 35
1 36
1 37
1 38
1 39
1 40
1 41
1 42
1 43
1 44
1 45
1 46
1 47
1 48
1 49
1 51
1 52
1 53
1 54
1 55
1 56
1 57
1 58
1 59
1 60
1 61
1 62
1 63
1 64
1 66
1 67
1 69
1 70
1 71
1 72
1 73
1 74
1 75
1 77
1 78
1 79
1 80
1 81
1 82
1 84
1 85
1 86
1 87
1 88
1 89
1 90
1 91
1 92
1 93
1 94
1 95
1 96
1 97
1 98
1 99
1 100
1 101
1 103
1 104
1 105
1 106
1 107
1 108
1 109
1 110
1 111
1 112
2 2
2 3
2 4
2 5
2 6
2 7
2 8
2 9
2 10
2 11
2 12
2 13
2 14
2 15
2 16
2 17
2 18
2 19
2 20
2 21
2 22
2 23
2 24
2 25
2 26
2 27
2 28
2 29
2 30
2 31
2 32
2 33
2 34
2 36
2 37
2 38
2 39
2 40
2 41
2 42
2 45
2 46
2 47
2 48
2 49
2 50
2 51
2 52
2 53
2 54
2 56
2 57
2 59
2 61
2 62
2 63
2 64
2 65
2 66
2 67
2 68
2 69
2 70
2 71
2 72
2 73
2 74
2 75
2 76
2 77
2 78
2 79
2 80
2 81
2 82
2 83
2 84
2 85
2 87
2 88
2 89
2 90
2 91
2 92
2 94
2 96
2 97
2 98
2 100
2 102
2 103
2 105
2 106
2 107
2 108
2 110
3 1
3 2
3 3
3 4
3 5
3 6
3 8
3 9
3 10
3 11
3 12
3 13
3 14
3 15
3 16
3 17
3 18
3 19
3 20
3 21
3 22
3 23
3 24
3 25
3 26
3 28
3 29
3 30
3 31
3 32
3 33
3 34
3 35
3 36
3 37
3 39
3 40
3 41
3 43
3 45
3 46
3 47
3 48
3 49
3 50
3 51
3 52
3 53
3 54
3 55
3 57
3 58
3 59
3 60
3 61
3 62
3 63
3 64
3 65
3 66
3 67
3 68
3 69
3 70
3 71
3 72
3 73
3 74
3 75
3 76
3 77
3 78
3 79
3 80
3 81
3 82
3 84
3 85
3 86
3 87
3 88
3 89
3 90
3 91
3 93
3 94
3 96
3 97
3 98
3 99
3 101
3 105
3 107
3 109
3 111
4 1
4 2
4 3
4 4
4 5
4 7
4 8
4 9
4 10
4 11
4 12
4 13
4 14
4 15
4 16
4 17
4 18
4 19
4 21
4 23
4 24
4 25
4 26
4 27
4 29
4 31
4 32
4 33
4 34
4 35
4 37
4 38
4 39
4 40
4 41
4 43
4 45
4 46
4 47
4 48
4 49
4 50
4 51
4 53
4 54
4 55
4 57
4 59
4 61
4 63
4 64
4 65
4 66
4 67
4 68
4 69
4 72
4 73
4 74
4 75
4 76
4 77
4 78
4 79
4 80
4 81
4 83
4 85
4 86
4 87
4 88
4 89
4 91
4 93
4 95
4 96
4 98
4 99
4 101
4 103
4 105
4 107
4 108
4 109
4 111
5 1
5 3
5 4
5 5
5 6
5 7
5 8
5 9
5 10
5 11
5 13
5 14
5 15
5 16
5 17
5 19
5 21
5 22
5 23
5 24
5 25
5 26
5 27
5 28
5 29
5 30
5 31
5 33
5 34
5 36
5 37
5 39
5 41
5 43
5 46
5 47
5 48
5 49
5 50
5 51
5 53
5 54
5 55
5 56
5 57
5 58
5 59
5 61
5 62
5 63
5 64
5 67
5 68
5 69
5 71
5 73
5 75
5 76
5 77
5 78
5 80
5 81
5 82
5 83
5 85
5 88
5 90
5 92
5 96
5 101
5 103
5 104
5 105
5 106
5 108
5 109
5 111
6 1
6 2
6 3
6 5
6 7
6 8
6 10
6 11
6 12
6 13
6 14
6 15
6 16
6 17
6 18
6 19
6 20
6 21
6 22
6 23
6 24
6 25
6 27
6 28
6 29
6 31
6 32
6 33
6 35
6 36
6 38
6 39
6 41
6 42
6 45
6 47
6 48
6 49
6 51
6 52
6 53
6 54
6 56
6 57
6 58
6 59
6 60
6 61
6 62
6 63
6 64
6 65
6 66
6 67
6 68
6 69
6 71
6 73
6 74
6 76
6 77
6 78
6 79
6 81
6 85
6 87
6 88
6 89
6 91
6 93
6 96
6 97
6 103
6 105
6 106
6 107
6 110
7 1
7 2
7 3
7 4
7 5
7 6
7 7
7 8
7 9
7 10
7 11
7 12
7 13
7 14
7 15
7 16
7 17
7 18
7 19
7 20
7 21
7 22
7 23
7 24
7 26
7 27
7 28
7 29
7 30
7 31
7 32
7 33
7 35
7 36
7 37
7 38
7 40
7 41
7 42
7 44
7 46
7 47
7 48
7 49
7 50
7 52
7 53
7 54
7 55
7 56
7 57
7 59
7 60
7 61
7 62
7 63
7 64
7 65
7 66
7 67
7 68
7 70
7 71
7 72
7 74
7 75
7 77
7 78
7 80
7 81
7 82
7 84
7 85
7 88
7 90
7 91
7 94
7 95
7 96
7 102
7 105
7 106
7 107
7 108
7 110
8 1
8 2
8 3
8 4
8 5
8 6
8 7
8 8
8 9
8 10
8 11
8 12
8 13
8 14
8 15
8 16
8 17
8 18
8 19
8 20
8 21
8 22
8 23
8 24
8 25
8 26
8 27
8 28
8 29
8 30
8 31
8 32
8 33
8 34
8 35
8 37
8 38
8 39
8 41
8 42
8 43
8 46
8 47
8 48
8 49
8 50
8 51
8 52
8 53
8 54
8 55
8 56
8 57
8 58
8 59
8 60
8 61
8 62
8 63
8 64
8 65
8 67
8 68
8 69
8 70
8 71
8 72
8 73
8 75
8 76
8 77
8 78
8 79
8 81
8 82
8 83
8 84
8 87
8 88
8 89
8 90
8 91
8 93
8 95
8 97
8 99
8 101
8 104
8 106
8 107
8 108
8 111
9 1
9 2
9 3
9 5
9 6
9 7
9 8
9 9
9 10
9 11
9 12
9 13
9 14
9 15
9 16
9 17
9 18
9 19
9 20
9 21
9 22
9 23
9 25
9 26
9 27
9 28
9 29
9 31
9 32
9 33
9 34
9 35
9 36
9 37
9 38
9 39
9 41
9 42
9 43
9 44
9 46
9 47
9 48
9 49
9 50
9 52
9 53
9 54
9 55
9 56
9 57
9 58
9 59
9 61
9 62
9 63
9 65
9 66
9 67
9 68
9 70
9 71
9 72
9 73
9 74
9 75
9 77
9 78
9 79
9 80
9 81
9 82
9 85
9 87
9 89
9 90
9 95
9 96
9 97
9 99
9 103
9 104
9 105
9 106
9 107
9 108
9 109
9 110
9 111
9 112
10 2
10 3
10 4
10 5
10 6
10 7
10 8
10 9
10 10
10 11
10 12
10 13
10 14
10 15
10 16
10 17
10 18
10 19
10 20
10 21
10 22
10 24
10 25
10 26
10 27
10 28
10 29
10 30
10 31
10 32
10 33
10 34
10 35
10 37
10 38
10 39
10 40
10 41
10 42
10 43
10 44
10 46
10 47
10 48
10 49
10 51
10 52
10 53
10 55
10 56
10 58
10 59
10 60
10 61
10 62
10 63
10 64
10 65
10 66
10 67
10 68
10 72
10 73
10 74
10 75
10 77
10 81
10 82
10 84
10 85
10 96
10 100
10 102
10 104
10 105
10 106
10 108
10 110
11 1
11 2
11 3
11 5
11 6
11 7
11 8
11 9
11 10
11 11
11 12
11 13
11 14
11 15
11 16
11 17
11 18
11 19
11 20
11 21
11 22
11 23
11 24
11 25
11 26
11 27
11 28
11 29
11 30
11 31
11 32
11 33
11 34
11 36
11 38
11 39
11 40
11 41
11 42
11 43
11 44
11 45
11 46
11 47
11 48
11 49
11 50
11 51
11 52
11 53
11 54
11 55
11 56
11 57
11 58
11 59
11 60
11 62
11 63
11 64
11 65
11 66
11 67
11 68
11 69
11 70
11 74
11 75
11 76
11 77
11 78
11 79
11 80
11 81
11 82
11 83
11 88
11 89
11 90
11 91
11 94
11 103
11 104
11 105
11 108
11 109
11 111
12 2
12 3
12 4
12 5
12 6
12 7
12 8
12 9
12 10
12 12
12 13
12 14
12 15
12 16
12 17
12 18
12 19
12 22
12 23
12 24
12 25
12 26
12 27
12 28
12 29
12 31
12 32
12 33
12 34
12 35
12 36
12 37
12 38
12 39
12 40
12 41
12 42
12 43
12 46
12 47
12 48
12 50
12 51
12 52
12 53
12 54
12 56
12 57
12 58
12 60
12 61
12 62
12 63
12 64
12 65
12 66
12 67
12 68
12 69
12 70
12 71
12 72
12 74
12 76
12 78
12 80
12 81
12 84
12 85
12 86
12 88
12 90
12 96
12 98
12 100
12 103
12 104
12 108
12 111
13 1
13 2
13 3
13 5
13 6
13 8
13 9
13 10
13 11
13 14
13 15
13 16
13 17
13 18
13 19
13 20
13 21
13 22
13 24
13 26
13 27
13 28
13 29
13 30
13 31
13 32
13 33
13 34
13 35
13 36
13 37
13 38
13 39
13 40
13 41
13 42
13 43
13 44
13 46
13 48
13 49
13 50
13 51
13 52
13 53
13 54
13 55
13 56
13 57
13 58
13 59
13 60
13 61
13 62
13 65
13 66
13 67
13 69
13 70
13 72
13 74
13 78
13 79
13 86
13 87
13 88
13 96
13 98
13 108
13 109
13 110
14 2
14 3
14 4
14 5
14 6
14 7
14 9
14 10
14 13
14 17
14 18
14 20
14 21
14 22
14 23
14 24
14 26
14 27
14 28
14 29
14 31
14 33
14 34
14 36
14 37
14 38
14 39
14 40
14 41
14 42
14 43
14 44
14 45
14 47
14 48
14 49
14 50
14 51
14 52
14 54
14 55
14 56
14 58
14 59
14 61
14 62
14 63
14 64
14 65
14 66
14 68
14 72
14 74
14 78
14 79
14 84
14 85
14 88
14 89
14 91
14 93
14 95
14 97
14 99
14 101
14 105
14 107
14 110
15 1
15 3
15 5
15 7
15 9
15 11
15 15
15 17
15 21
15 22
15 23
15 26
15 27
15 29
15 31
15 33
15 36
15 37
15 38
15 39
15 40
15 41
15 43
15 45
15 46
15 47
15 48
15 49
15 50
15 51
15 53
15 54
15 55
15 56
15 57
15 58
15 59
15 61
15 62
15 63
15 65
15 66
15 67
15 69
15 71
15 73
15 75
15 77
15 79
15 81
15 83
15 84
15 85
15 89
15 91
15 95
15 96
15 97
15 99
15 101
15 104
15 105
15 106
15 107
15 108
15 109
16 1
16 3
16 4
16 6
16 7
16 10
16 11
16 15
16 17
16 22
16 25
16 26
16 27
16 28
16 29
16 30
16 32
16 33
16 35
16 36
16 37
16 38
16 39
16 40
16 41
16 42
16 43
16 46
16 47
16 48
16 49
16 50
16 51
16 52
16 53
16 54
16 55
16 56
16 57
16 58
16 59
16 60
16 61
16 62
16 63
16 64
16 65
16 66
16 67
16 68
16 69
16 70
16 72
16 74
16 75
16 76
16 78
16 79
16 81
16 82
16 86
16 88
16 89
16 91
16 92
16 94
16 95
16 98
16 99
16 100
16 102
16 104
16 105
16 107
16 108
16 110
16 111
17 22
17 26
17 27
17 28
17 29
17 32
17 38
17 43
17 48
17 49
17 51
17 52
17 53
17 55
17 56
17 59
17 63
17 66
17 67
17 68
17 70
17 91
17 96
17 102
17 103
17 105
17 106
17 110
18 12
18 17
18 18
18 20
18 21
18 24
18 26
18 34
18 35
18 36
18 37
18 39
18 40
18 42
18 43
18 45
18 49
18 50
18 53
18 54
18 55
18 56
18 57
18 59
18 60
18 61
18 63
18 64
18 65
18 67
18 68
18 71
18 73
18 77
18 80
18 81
18 86
18 89
18 91
18 96
18 99
18 100
18 103
18 107
18 109
18 111
19 9
19 13
19 15
19 19
19 21
19 23
19 25
19 27
19 28
19 29
19 31
19 33
19 35
19 38
19 39
19 41
19 43
19 45
19 47
19 51
19 52
19 53
19 55
19 56
19 57
19 59
19 60
19 61
19 62
19 63
19 65
19 66
19 67
19 69
19 71
19 73
19 75
19 77
19 79
19 81
19 83
19 89
19 91
19 93
19 95
19 103
19 104
19 105
19 106
19 107
19 110
20 1
20 3
20 4
20 5
20 6
20 8
20 10
20 13
20 14
20 18
20 20
20 21
20 22
20 23
20 24
20 25
20 26
20 27
20 28
20 30
20 32
20 33
20 34
20 37
20 38
20 39
20 40
20 44
20 46
20 49
20 52
20 58
20 59
20 60
20 62
20 63
20 64
20 65
20 66
20 67
20 68
20 69
20 71
20 72
20 73
20 74
20 75
20 76
20 77
20 78
20 79
20 80
20 81
20 82
20 84
20 88
20 89
20 90
20 94
20 96
20 98
20 102
20 103
20 104
20 105
20 106
20 108
20 110
21 8
21 15
21 17
21 18
21 19
21 21
21 22
21 23
21 25
21 26
21 27
21 28
21 33
21 34
21 38
21 39
21 40
21 42
21 43
21 45
21 51
21 52
21 55
21 59
21 63
21 65
21 66
21 67
21 68
21 71
21 73
21 75
21 77
21 78
21 79
21 81
21 85
21 86
21 88
21 89
21 91
21 92
21 93
21 96
21 98
21 99
21 105
21 108
21 109
21 111
22 1
22 7
22 8
22 9
22 10
22 13
22 14
22 16
22 17
22 18
22 19
22 20
22 22
22 23
22 24
22 25
22 26
22 27
22 29
22 31
22 32
22 33
22 34
22 36
22 38
22 40
22 42
22 44
22 46
22 50
22 52
22 56
22 58
22 60
22 63
22 66
22 68
22 69
22 72
22 74
22 78
22 80
22 82
22 84
22 88
22 89
22 90
22 91
22 94
22 96
22 104
22 106
22 108
22 109
22 110
23 1
23 2
23 3
23 4
23 6
23 8
23 9
23 10
23 12
23 13
23 14
23 16
23 17
23 18
23 20
23 21
23 22
23 23
23 24
23 26
23 27
23 28
23 30
23 31
23 32
23 33
23 34
23 35
23 37
23 38
23 39
23 40
23 41
23 44
23 45
23 48
23 52
23 55
23 56
23 58
23 67
23 68
23 69
23 72
23 77
23 79
23 80
23 81
23 82
23 83
23 85
23 87
23 88
23 89
23 91
23 93
23 95
23 97
23 104
23 105
23 106
23 107
23 110
23 111
24 1
24 5
24 6
24 7
24 8
24 9
24 10
24 11
24 12
24 13
24 15
24 16
24 17
24 18
24 19
24 20
24 21
24 23
24 24
24 25
24 26
24 27
24 28
24 29
24 30
24 31
24 32
24 33
24 34
24 35
24 36
24 38
24 39
24 40
24 41
24 43
24 44
24 45
24 46
24 47
24 48
24 49
24 51
24 52
24 53
24 55
24 65
24 67
24 74
24 75
24 79
24 81
24 82
24 83
24 85
24 87
24 90
24 92
24 93
24 96
24 98
24 99
24 100
24 102
24 103
24 104
24 105
24 106
24 107
24 110
25 2
25 3
25 4
25 6
25 7
25 8
25 9
25 10
25 11
25 12
25 13
25 14
25 15
25 16
25 17
25 18
25 19
25 20
25 21
25 22
25 23
25 24
25 25
25 26
25 27
25 28
25 29
25 31
25 32
25 33
25 34
25 35
25 36
25 37
25 38
25 39
25 40
25 41
25 42
25 43
25 44
25 45
25 46
25 47
25 48
25 50
25 51
25 52
25 54
25 55
25 56
25 58
25 60
25 64
25 65
25 66
25 78
25 81
25 82
25 83
25 85
25 86
25 87
25 88
25 89
25 90
25 92
25 96
25 98
25 99
25 104
25 106
25 107
25 108
25 109
25 110
26 2
26 4
26 7
26 9
26 10
26 11
26 12
26 13
26 14
26 15
26 16
26 17
26 18
26 19
26 21
26 22
26 23
26 24
26 25
26 26
26 27
26 28
26 29
26 30
26 31
26 32
26 33
26 34
26 35
26 37
26 38
26 39
26 40
26 41
26 42
26 45
26 46
26 49
26 51
26 52
26 53
26 56
26 59
26 67
26 71
26 75
26 79
26 83
26 88
26 91
26 93
26 95
26 97
26 99
26 107
26 109
26 111
27 2
27 3
27 4
27 7
27 8
27 9
27 10
27 11
27 12
27 13
27 14
27 15
27 16
27 17
27 18
27 19
27 20
27 21
27 22
27 23
27 24
27 25
27 26
27 27
27 28
27 29
27 31
27 32
27 33
27 34
27 35
27 39
27 40
27 41
27 42
27 45
27 46
27 47
27 48
27 49
27 51
27 52
27 53
27 56
27 63
27 85
27 89
27 90
27 91
27 93
27 96
27 97
27 105
28 1
28 2
28 4
28 5
28 6
28 7
28 8
28 9
28 10
28 11
28 12
28 13
28 14
28 15
28 16
28 17
28 18
28 19
28 20
28 21
28 23
28 24
28 25
28 26
28 27
28 28
28 29
28 30
28 31
28 32
28 33
28 34
28 35
28 36
28 37
28 38
28 39
28 41
28 42
28 43
28 44
28 45
28 46
28 47
28 48
28 51
28 52
28 53
28 54
28 55
28 56
28 58
28 61
28 90
28 93
28 100
29 3
29 5
29 7
29 8
29 10
29 11
29 13
29 14
29 15
29 16
29 20
29 22
29 23
29 26
29 28
29 33
29 34
29 39
29 40
29 47
29 51
29 52
29 54
29 56
29 58
29 69
29 70
29 72
29 74
29 76
29 84
29 89
29 90
29 92
29 94
29 95
29 97
29 100
29 102
29 104
29 105
29 106
29 108
29 111
30 2
30 3
30 4
30 5
30 6
30 7
30 8
30 9
30 10
30 11
30 12
30 13
30 14
30 15
30 16
30 17
30 18
30 19
30 20
30 21
30 22
30 23
30 24
30 25
30 26
30 27
30 28
30 29
30 30
30 31
30 32
30 33
30 34
30 36
30 37
30 38
30 39
30 41
30 42
30 46
30 47
30 49
30 51
30 52
30 53
30 54
30 56
30 57
30 59
30 63
30 66
30 69
30 73
30 77
30 89
30 95
30 96
30 97
30 99
30 101
30 103
30 104
30 105
30 107
30 108
30 110
31 1
31 2
31 3
31 4
31 5
31 6
31 7
31 8
31 9
31 10
31 11
31 12
31 13
31 14
31 15
31 16
31 17
31 18
31 19
31 21
31 22
31 23
31 24
31 25
31 26
31 28
31 29
31 30
31 31
31 32
31 33
31 34
31 36
31 37
31 38
31 39
31 40
31 42
31 45
31 46
31 47
31 48
31 49
31 51
31 52
31 54
31 55
31 56
31 57
31 59
31 61
31 63
31 66
31 67
31 69
31 78
31 79
31 89
31 98
31 102
31 104
31 107
31 108
31 109
32 1
32 2
32 3
32 4
32 5
32 6
32 8
32 9
32 10
32 11
32 12
32 13
32 14
32 15
32 16
32 17
32 19
32 21
32 22
32 23
32 24
32 25
32 26
32 28
32 29
32 31
32 33
32 34
32 36
32 37
32 38
32 39
32 41
32 42
32 46
32 48
32 49
32 50
32 52
32 54
32 56
32 58
32 61
32 67
32 70
32 78
32 88
32 90
32 98
32 104
32 106
32 107
32 108
32 109
32 110
32 112
34 3
34 4
34 6
34 9
34 12
34 13
34 16
34 24
34 25
34 26
34 28
34 31
34 32
34 35
34 36
34 38
34 39
34 40
34 43
34 46
34 48
34 49
34 50
34 51
34 53
34 54
34 55
34 56
34 57
34 58
34 59
34 62
34 63
34 65
34 67
34 68
34 69
34 70
34 75
34 76
34 77
34 78
34 81
34 82
34 84
34 86
34 89
34 90
34 93
34 95
34 98
34 104
34 105
34 106
34 107
34 109
34 111
35 2
35 3
35 5
35 7
35 8
35 9
35 12
35 13
35 14
35 15
35 16
35 17
35 23
35 24
35 25
35 26
35 27
35 29
35 36
35 38
35 39
35 40
35 41
35 42
35 44
35 48
35 49
35 50
35 51
35 52
35 53
35 54
35 56
35 57
35 58
35 59
35 60
35 61
35 63
35 64
35 65
35 69
35 72
35 73
35 78
35 79
35 80
35 82
35 88
35 93
35 104
35 105
35 107
35 108
35 111
36 1
36 2
36 3
36 4
36 5
36 6
36 7
36 8
36 9
36 10
36 12
36 16
36 27
36 28
36 39
36 40
36 41
36 42
36 43
36 46
36 49
36 51
36 52
36 53
36 56
36 57
36 58
36 59
36 61
36 63
36 64
36 69
36 72
36 79
36 80
36 81
36 83
36 89
36 93
36 101
36 105
36 107
36 109
36 111
37 1
37 3
37 5
37 7
37 9
37 11
37 13
37 17
37 23
37 29
37 33
37 37
37 38
37 39
37 41
37 49
37 51
37 52
37 53
37 55
37 57
37 59
37 60
37 61
37 62
37 63
37 64
37 65
37 67
37 69
37 71
37 73
37 75
37 77
37 78
37 82
37 83
37 89
37 97
37 109
37 111
38 4
38 5
38 6
38 7
38 8
38 10
38 24
38 38
38 39
38 40
38 52
38 56
38 58
38 61
38 62
38 64
38 66
38 67
38 68
38 72
38 74
38 75
38 76
38 82
38 84
38 88
38 89
38 112
39 2
39 4
39 6
39 7
39 8
39 9
39 10
39 38
39 39
39 52
39 53
39 56
39 57
39 58
39 59
39 61
39 62
39 63
39 64
39 65
39 66
39 68
39 70
39 71
39 72
39 82
39 89
39 110
40 2
40 3
40 4
40 5
40 6
40 7
40 8
40 10
40 39
40 52
40 55
40 57
40 58
40 59
40 60
40 62
40 63
40 64
40 65
40 68
40 69
40 74
40 75
40 78
40 83
40 85
40 86
40 88
40 89
40 99
41 1
41 4
41 6
41 7
41 8
41 57
41 58
41 64
41 65
41 66
41 68
41 71
41 72
41 74
41 75
41 76
41 77
41 78
41 79
41 80
41 82
41 84
41 86
41 88
41 90
41 91
41 92
41 94
41 96
41 98
41 100
41 106
41 108
42 2
42 5
42 6
42 8
42 40
42 54
42 57
42 58
42 59
42 60
42 62
42 64
42 66
42 68
42 69
42 70
42 72
42 74
42 77
42 78
42 80
42 88
42 90
42 96
42 104
43 7
43 53
43 57
43 59
43 60
43 66
43 67
43 69
43 70
43 71
43 73
43 75
43 77
43 79
43 81
43 85
43 86
43 89
43 91
43 99
43 109
44 54
44 58
44 72
44 74
44 76
44 77
44 79
44 89
44 90
44 105
45 43
45 57
45 58
45 59
45 71
45 74
45 75
45 76
45 77
45 83
45 90
45 93
45 101
45 108
45 109
46 7
46 42
46 43
46 44
46 59
46 60
46 73
46 75
46 77
46 78
46 79
46 80
46 81
46 82
46 83
46 85
46 87
46 89
46 90
46 108
47 6
47 8
47 42
47 43
47 44
47 56
47 58
47 59
47 60
47 72
47 73
47 74
47 75
47 76
47 78
47 79
47 80
47 81
47 88
47 92
47 107
47 109
48 6
48 9
48 42
48 43
48 44
48 71
48 73
48 74
48 75
48 76
48 77
48 78
48 79
48 80
48 81
48 82
48 87
48 91
48 93
50 3
50 6
50 8
50 31
50 43
50 68
50 70
50 73
50 75
50 77
50 78
50 81
50 83
50 87
50 89
50 94
50 95
50 96
50 98
50 109
50 110
51 4
51 5
51 8
51 31
51 60
51 72
51 74
51 75
51 76
51 77
51 78
51 79
51 80
51 82
51 85
51 86
51 88
51 89
51 92
52 4
52 5
52 7
52 8
52 31
52 42
52 61
52 75
52 76
52 77
52 78
52 79
52 84
52 87
52 89
52 91
52 95
53 1
53 3
53 5
53 6
53 7
53 9
53 60
53 63
53 74
53 75
53 76
53 77
53 78
53 79
53 80
53 81
53 85
53 86
53 87
53 88
53 89
53 91
53 92
53 93
53 94
53 96
53 98
54 3
54 4
54 5
54 6
54 7
54 8
54 61
54 74
54 76
54 77
54 78
54 79
54 80
54 81
54 82
54 85
54 86
54 87
54 88
54 89
54 91
54 93
54 96
54 109
55 3
55 4
55 5
55 6
55 7
55 8
55 61
55 74
55 75
55 76
55 77
55 78
55 79
55 80
55 81
55 82
55 84
55 85
55 86
55 87
55 88
55 89
55 91
55 94
55 97
55 98
55 99
56 1
56 3
56 5
56 6
56 7
56 73
56 74
56 75
56 76
56 77
56 78
56 79
56 80
56 81
56 82
56 85
56 86
56 87
56 88
56 89
56 91
56 97
57 3
57 5
57 6
57 7
57 9
57 71
57 73
57 74
57 75
57 76
57 77
57 78
57 79
57 80
57 81
57 82
57 85
57 86
57 87
57 88
57 89
57 90
57 91
57 96
57 98
57 101
58 3
58 4
58 5
58 6
58 7
58 8
58 9
58 72
58 73
58 74
58 75
58 76
58 77
58 78
58 79
58 80
58 81
58 82
58 83
58 85
58 86
58 87
58 88
58 89
58 90
58 91
58 96
58 98
58 99
58 101
59 2
59 6
59 7
59 8
59 9
59 59
59 72
59 73
59 74
59 75
59 76
59 77
59 78
59 79
59 80
59 81
59 86
59 87
59 89
59 90
59 105
60 3
60 7
60 8
60 9
60 72
60 73
60 74
60 75
60 76
60 77
60 78
60 79
60 80
60 81
60 82
60 89
60 99
60 101
60 104
61 3
61 5
61 6
61 7
61 8
61 9
61 10
61 11
61 23
61 57
61 59
61 71
61 72
61 73
61 74
61 75
61 76
61 77
61 78
61 79
61 80
61 81
61 82
61 97
61 99
61 104
61 107
62 1
62 3
62 4
62 5
62 7
62 8
62 9
62 10
62 23
62 58
62 60
62 69
62 70
62 72
62 73
62 74
62 75
62 76
62 77
62 78
62 79
62 80
62 82
62 94
62 98
62 100
62 102
62 104
63 2
63 4
63 5
63 6
63 8
63 9
63 10
63 24
63 56
63 60
63 69
63 70
63 71
63 72
63 73
63 74
63 75
63 76
63 77
63 78
63 79
63 80
63 82
63 100
63 102
63 104
63 106
63 108
63 110
64 2
64 4
64 6
64 9
64 10
64 11
64 70
64 71
64 72
64 73
64 74
64 75
64 76
64 77
64 78
64 79
64 96
64 99
64 104
66 9
66 11
66 13
66 72
66 74
66 75
66 76
66 77
66 78
66 79
66 80
66 82
66 96
66 97
66 104
66 107
66 110
67 2
67 4
67 6
67 7
67 9
67 10
67 11
67 12
67 68
67 69
67 70
67 71
67 72
67 73
67 74
67 75
67 76
67 77
67 78
67 81
67 87
67 89
67 94
67 95
67 96
67 97
67 99
67 104
67 106
67 107
67 109
67 110
68 3
68 5
68 6
68 7
68 9
68 10
68 11
68 12
68 13
68 15
68 68
68 69
68 70
68 71
68 72
68 73
68 74
68 75
68 76
68 77
68 91
68 94
68 96
68 98
68 102
68 104
68 111
69 3
69 6
69 9
69 10
69 13
69 67
69 68
69 69
69 70
69 71
69 72
69 73
69 74
69 75
69 76
69 78
69 83
69 96
69 97
69 98
69 102
69 104
69 111
70 2
70 9
70 10
70 11
70 12
70 13
70 14
70 15
70 29
70 65
70 66
70 67
70 68
70 69
70 70
70 71
70 72
70 73
70 74
70 75
70 78
70 79
70 89
70 90
70 91
70 96
70 98
70 100
70 106
70 109
70 110
71 2
71 3
71 4
71 6
71 9
71 10
71 11
71 12
71 13
71 14
71 16
71 66
71 67
71 68
71 69
71 70
71 71
71 72
71 73
71 74
71 76
71 82
71 84
71 86
71 87
71 90
71 94
71 96
71 102
71 104
71 105
71 108
71 111
72 1
72 2
72 3
72 4
72 6
72 7
72 8
72 9
72 10
72 11
72 13
72 14
72 15
72 16
72 17
72 18
72 64
72 65
72 66
72 67
72 68
72 69
72 70
72 71
72 72
72 73
72 74
72 75
72 87
72 88
72 89
72 93
72 94
72 96
72 98
72 102
72 103
72 104
72 105
72 107
72 109
72 110
72 111
73 1
73 2
73 3
73 4
73 6
73 7
73 8
73 10
73 12
73 14
73 15
73 16
73 17
73 36
73 65
73 66
73 67
73 68
73 69
73 70
73 71
73 73
73 75
73 79
73 83
73 87
73 89
73 95
73 99
73 101
73 103
73 105
73 107
73 109
73 111
74 1
74 3
74 4
74 5
74 6
74 8
74 9
74 10
74 11
74 13
74 14
74 15
74 16
74 17
74 63
74 64
74 65
74 66
74 67
74 68
74 69
74 70
74 72
74 73
74 75
74 77
74 79
74 81
74 83
74 85
74 88
74 90
74 91
74 93
74 96
74 97
74 102
74 104
74 105
74 108
74 109
74 112
75 1
75 2
75 3
75 4
75 5
75 6
75 7
75 8
75 9
75 10
75 11
75 12
75 13
75 15
75 16
75 17
75 18
75 62
75 63
75 64
75 65
75 66
75 67
75 68
75 70
75 72
75 73
75 76
75 78
75 79
75 80
75 81
75 82
75 83
75 84
75 89
75 91
75 95
75 97
75 99
75 101
75 102
75 103
75 104
75 105
75 106
75 108
75 109
75 110
76 1
76 2
76 3
76 4
76 5
76 6
76 7
76 8
76 9
76 10
76 11
76 12
76 13
76 14
76 16
76 17
76 18
76 61
76 62
76 63
76 64
76 66
76 67
76 68
76 69
76 70
76 72
76 74
76 76
76 77
76 78
76 79
76 80
76 81
76 82
76 88
76 89
76 91
76 96
76 98
76 102
76 104
76 107
76 108
76 112
77 1
77 2
77 3
77 4
77 5
77 6
77 7
77 8
77 9
77 10
77 11
77 14
77 16
77 18
77 20
77 56
77 58
77 60
77 62
77 63
77 64
77 65
77 66
77 67
77 68
77 69
77 70
77 71
77 72
77 74
77 76
77 78
77 79
77 80
77 84
77 86
77 88
77 90
77 92
77 94
77 96
77 97
77 98
77 102
77 104
77 105
77 106
77 108
77 109
77 110
77 112
78 1
78 2
78 3
78 4
78 5
78 6
78 7
78 8
78 9
78 10
78 11
78 12
78 13
78 14
78 15
78 16
78 17
78 18
78 19
78 21
78 22
78 24
78 48
78 53
78 55
78 56
78 57
78 58
78 59
78 60
78 61
78 62
78 63
78 64
78 65
78 66
78 67
78 68
78 69
78 72
78 74
78 75
78 77
78 78
78 79
78 81
78 82
78 83
78 85
78 87
78 88
78 89
78 90
78 91
78 92
78 96
78 97
78 99
78 102
78 104
78 105
78 106
78 107
78 108
78 109
78 110
78 111
79 1
79 2
79 3
79 4
79 5
79 6
79 7
79 8
79 9
79 10
79 11
79 12
79 13
79 14
79 15
79 16
79 17
79 18
79 19
79 20
79 23
79 24
79 26
79 27
79 49
79 52
79 53
79 55
79 57
79 58
79 59
79 60
79 61
79 62
79 63
79 64
79 65
79 66
79 67
79 68
79 69
79 70
79 71
79 72
79 74
79 75
79 76
79 77
79 78
79 80
79 81
79 82
79 85
79 87
79 88
79 90
79 91
79 92
79 93
79 94
79 96
79 97
79 98
79 99
79 101
79 104
79 105
79 106
79 107
79 108
79 110
79 112
80 1
80 2
80 3
80 4
80 5
80 6
80 7
80 8
80 9
80 10
80 11
80 12
80 13
80 14
80 15
80 16
80 17
80 18
80 19
80 20
80 21
80 22
80 26
80 27
80 28
80 46
80 48
80 49
80 51
80 52
80 54
80 56
80 57
80 58
80 59
80 60
80 61
80 62
80 63
80 64
80 65
80 66
80 67
80 68
80 69
80 70
80 71
80 72
80 73
80 77
80 78
80 79
80 81
80 85
80 88
80 89
80 91
80 93
80 95
80 96
80 98
80 99
80 100
80 101
80 104
80 105
80 106
80 107
80 108
80 109
82 5
82 7
82 8
82 11
82 12
82 13
82 19
82 31
82 32
82 40
82 47
82 50
82 51
82 53
82 58
82 59
82 62
82 64
82 65
82 67
82 68
82 72
82 78
82 86
82 94
82 95
82 96
82 98
82 102
82 104
82 105
82 106
82 107
82 108
82 109
82 110
82 111
83 1
83 2
83 3
83 4
83 5
83 6
83 7
83 8
83 9
83 10
83 11
83 12
83 13
83 14
83 15
83 16
83 17
83 18
83 20
83 21
83 22
83 23
83 24
83 25
83 26
83 27
83 28
83 29
83 30
83 31
83 33
83 34
83 35
83 36
83 37
83 38
83 39
83 40
83 41
83 42
83 43
83 44
83 45
83 46
83 47
83 48
83 49
83 50
83 51
83 52
83 53
83 54
83 55
83 56
83 57
83 58
83 59
83 60
83 61
83 62
83 63
83 64
83 65
83 66
83 67
83 68
83 69
83 70
83 71
83 72
83 74
83 75
83 77
83 78
83 79
83 82
83 83
83 85
83 86
83 88
83 89
83 90
83 92
83 93
83 94
83 96
83 97
83 98
83 99
83 101
83 103
83 104
83 105
83 108
83 109
83 111
84 1
84 2
84 3
84 4
84 5
84 6
84 7
84 8
84 9
84 10
84 11
84 12
84 13
84 14
84 15
84 16
84 17
84 18
84 19
84 20
84 21
84 22
84 23
84 24
84 25
84 27
84 28
84 29
84 30
84 31
84 32
84 33
84 34
84 35
84 36
84 38
84 39
84 40
84 41
84 42
84 43
84 44
84 45
84 47
84 48
84 49
84 50
84 51
84 52
84 53
84 55
84 56
84 57
84 58
84 59
84 61
84 64
84 65
84 67
84 69
84 71
84 72
84 73
84 75
84 76
84 77
84 79
84 80
84 81
84 85
84 86
84 87
84 88
84 89
84 90
84 91
84 92
84 93
84 94
84 96
84 97
84 100
84 101
84 102
84 103
84 104
84 107
84 108
84 109
84 111
85 1
85 2
85 3
85 4
85 5
85 6
85 7
85 8
85 9
85 10
85 11
85 12
85 13
85 14
85 15
85 16
85 17
85 18
85 19
85 20
85 21
85 22
85 23
85 24
85 25
85 26
85 27
85 28
85 29
85 30
85 31
85 32
85 33
85 34
85 35
85 36
85 38
85 39
85 40
85 41
85 42
85 43
85 44
85 45
85 46
85 47
85 48
85 49
85 50
85 51
85 52
85 53
85 54
85 55
85 56
85 57
85 58
85 60
85 62
85 63
85 64
85 65
85 66
85 67
85 68
85 69
85 70
85 72
85 74
85 75
85 76
85 78
85 79
85 81
85 82
85 83
85 84
85 85
85 86
85 88
85 89
85 90
85 91
85 92
85 93
85 96
85 97
85 98
85 100
85 101
85 102
85 104
85 105
85 106
85 107
85 108
85 110
85 111
85 112
86 1
86 2
86 3
86 4
86 5
86 6
86 7
86 8
86 9
86 10
86 11
86 12
86 14
86 15
86 16
86 17
86 18
86 19
86 20
86 21
86 22
86 23
86 24
86 25
86 26
86 27
86 28
86 29
86 30
86 31
86 32
86 33
86 34
86 35
86 36
86 37
86 38
86 39
86 40
86 41
86 42
86 43
86 46
86 47
86 49
86 50
86 51
86 52
86 53
86 54
86 55
86 57
86 58
86 59
86 60
86 61
86 62
86 63
86 64
86 65
86 66
86 67
86 69
86 70
86 71
86 72
86 76
86 77
86 78
86 79
86 81
86 82
86 83
86 84
86 85
86 87
86 89
86 90
86 91
86 92
86 93
86 95
86 96
86 97
86 98
86 100
86 101
86 103
86 104
86 105
86 106
86 107
86 108
86 109
86 111
87 1
87 2
87 3
87 4
87 5
87 6
87 7
87 8
87 9
87 10
87 11
87 13
87 14
87 15
87 16
87 17
87 18
87 19
87 20
87 21
87 22
87 23
87 24
87 25
87 26
87 27
87 28
87 29
87 30
87 31
87 32
87 33
87 34
87 35
87 36
87 37
87 38
87 39
87 41
87 42
87 43
87 44
87 45
87 46
87 47
87 48
87 49
87 50
87 51
87 52
87 54
87 55
87 56
87 57
87 58
87 59
87 60
87 61
87 63
87 64
87 65
87 66
87 67
87 68
87 69
87 70
87 72
87 73
87 76
87 78
87 79
87 80
87 81
87 82
87 83
87 84
87 85
87 86
87 87
87 88
87 89
87 90
87 91
87 92
87 93
87 94
87 95
87 96
87 98
87 99
87 100
87 101
87 104
87 106
87 107
87 108
87 109
87 110
87 111
88 1
88 2
88 3
88 4
88 5
88 6
88 7
88 8
88 9
88 10
88 11
88 12
88 13
88 14
88 15
88 16
88 17
88 18
88 19
88 20
88 22
88 23
88 24
88 25
88 26
88 27
88 28
88 29
88 30
88 31
88 32
88 33
88 34
88 36
88 38
88 39
88 40
88 41
88 42
88 43
88 44
88 46
88 47
88 48
88 49
88 50
88 51
88 52
88 53
88 54
88 56
88 58
88 59
88 60
88 61
88 62
88 64
88 65
88 66
88 67
88 68
88 69
88 70
88 72
88 73
88 74
88 76
88 77
88 78
88 79
88 80
88 82
88 83
88 87
88 88
88 89
88 90
88 91
88 93
88 94
88 95
88 97
88 98
88 99
88 103
88 104
88 105
88 106
88 107
88 109
88 110
88 111
89 1
89 2
89 3
89 4
89 5
89 6
89 7
89 8
89 9
89 10
89 11
89 12
89 13
89 14
89 15
89 16
89 17
89 18
89 19
89 20
89 21
89 22
89 23
89 24
89 25
89 26
89 27
89 28
89 29
89 30
89 31
89 32
89 33
89 34
89 36
89 37
89 38
89 39
89 40
89 41
89 42
89 43
89 45
89 46
89 47
89 48
89 49
89 50
89 51
89 52
89 53
89 54
89 55
89 56
89 57
89 58
89 59
89 60
89 61
89 63
89 64
89 65
89 67
89 68
89 69
89 71
89 72
89 73
89 75
89 76
89 77
89 78
89 79
89 80
89 81
89 82
89 83
89 84
89 85
89 87
89 88
89 89
89 90
89 91
89 92
89 93
89 94
89 95
89 96
89 97
89 99
89 101
89 103
89 104
89 105
89 106
89 107
89 108
89 109
89 110
89 111
90 1
90 2
90 3
90 4
90 5
90 6
90 7
90 8
90 9
90 10
90 11
90 12
90 13
90 14
90 15
90 16
90 17
90 18
90 19
90 20
90 21
90 22
90 23
90 24
90 25
90 26
90 27
90 28
90 29
90 31
90 32
90 33
90 34
90 35
90 36
90 37
90 38
90 39
90 40
90 41
90 42
90 43
90 44
90 45
90 46
90 47
90 48
90 49
90 50
90 51
90 52
90 53
90 54
90 55
90 56
90 58
90 59
90 60
90 61
90 62
90 63
90 64
90 65
90 66
90 67
90 68
90 69
90 70
90 71
90 72
90 73
90 74
90 75
90 76
90 77
90 78
90 79
90 80
90 81
90 82
90 83
90 85
90 86
90 89
90 90
90 91
90 92
90 94
90 96
90 97
90 99
90 100
90 104
90 106
90 107
90 108
90 109
90 111
90 112
91 1
91 2
91 3
91 4
91 5
91 6
91 7
91 8
91 9
91 10
91 11
91 12
91 13
91 14
91 15
91 16
91 17
91 18
91 19
91 20
91 21
91 22
91 23
91 24
91 25
91 26
91 27
91 28
91 29
91 30
91 31
91 32
91 33
91 34
91 35
91 36
91 38
91 39
91 40
91 41
91 42
91 43
91 44
91 46
91 48
91 49
91 50
91 51
91 52
91 53
91 54
91 55
91 56
91 57
91 58
91 59
91 61
91 62
91 63
91 64
91 65
91 66
91 67
91 68
91 69
91 70
91 71
91 73
91 75
91 76
91 77
91 78
91 79
91 82
91 83
91 85
91 87
91 88
91 89
91 93
91 94
91 95
91 96
91 97
91 98
91 99
91 100
91 102
91 104
91 105
91 106
91 107
91 109
91 111
92 1
92 2
92 3
92 4
92 5
92 6
92 7
92 8
92 9
92 10
92 11
92 12
92 13
92 14
92 15
92 16
92 17
92 18
92 19
92 20
92 21
92 22
92 23
92 24
92 25
92 26
92 27
92 28
92 29
92 30
92 31
92 32
92 33
92 34
92 35
92 36
92 37
92 38
92 39
92 40
92 41
92 42
92 43
92 45
92 46
92 47
92 49
92 50
92 51
92 52
92 53
92 54
92 55
92 56
92 57
92 58
92 59
92 60
92 61
92 62
92 63
92 64
92 65
92 66
92 67
92 68
92 69
92 70
92 71
92 72
92 73
92 74
92 75
92 76
92 77
92 78
92 79
92 80
92 81
92 82
92 83
92 84
92 86
92 88
92 89
92 90
92 92
92 94
92 96
92 98
92 100
92 102
92 103
92 104
92 105
92 106
92 108
92 110
92 112
93 1
93 2
93 3
93 4
93 6
93 7
93 8
93 9
93 10
93 11
93 12
93 13
93 14
93 15
93 16
93 17
93 18
93 19
93 20
93 21
93 22
93 23
93 24
93 25
93 26
93 27
93 28
93 29
93 30
93 31
93 32
93 33
93 34
93 36
93 37
93 38
93 39
93 40
93 41
93 42
93 44
93 45
93 46
93 47
93 48
93 50
93 51
93 52
93 54
93 55
93 56
93 58
93 59
93 60
93 62
93 63
93 64
93 65
93 66
93 67
93 68
93 70
93 72
93 74
93 76
93 77
93 78
93 79
93 80
93 82
93 83
93 84
93 85
93 86
93 87
93 88
93 89
93 90
93 91
93 92
93 93
93 94
93 95
93 96
93 97
93 98
93 99
93 100
93 102
93 103
93 104
93 105
93 106
93 107
93 108
93 110
93 111
93 112
94 1
94 2
94 3
94 4
94 5
94 6
94 7
94 8
94 9
94 10
94 11
94 12
94 13
94 14
94 15
94 16
94 17
94 18
94 19
94 20
94 21
94 22
94 23
94 24
94 25
94 26
94 27
94 28
94 29
94 30
94 31
94 32
94 34
94 35
94 36
94 37
94 38
94 39
94 40
94 41
94 42
94 43
94 44
94 46
94 47
94 48
94 49
94 50
94 51
94 52
94 53
94 54
94 55
94 56
94 57
94 58
94 59
94 60
94 61
94 62
94 63
94 64
94 65
94 66
94 67
94 68
94 69
94 70
94 72
94 73
94 74
94 75
94 76
94 77
94 78
94 79
94 80
94 81
94 82
94 84
94 85
94 86
94 87
94 88
94 90
94 94
94 95
94 96
94 99
94 100
94 102
94 104
94 105
94 106
94 107
94 108
94 109
94 110
94 111
94 112
95 2
95 3
95 4
95 5
95 6
95 7
95 8
95 9
95 10
95 11
95 12
95 13
95 14
95 15
95 16
95 18
95 19
95 20
95 21
95 22
95 23
95 24
95 25
95 26
95 27
95 28
95 29
95 30
95 31
95 32
95 33
95 34
95 35
95 36
95 37
95 38
95 39
95 40
95 41
95 42
95 43
95 44
95 45
95 46
95 47
95 48
95 49
95 50
95 51
95 52
95 53
95 54
95 55
95 56
95 57
95 58
95 59
95 61
95 62
95 63
95 64
95 65
95 66
95 67
95 68
95 69
95 70
95 71
95 73
95 75
95 77
95 78
95 79
95 80
95 82
95 85
95 87
95 88
95 89
95 90
95 91
95 92
95 94
95 96
95 97
95 99
95 101
95 103
95 104
95 105
95 107
95 108
95 109
95 110
95 111
96 1
96 2
96 3
96 4
96 5
96 6
96 7
96 8
96 9
96 10
96 11
96 13
96 14
96 15
96 16
96 17
96 18
96 19
96 20
96 21
96 22
96 23
96 24
96 25
96 26
96 27
96 28
96 29
96 31
96 32
96 33
96 34
96 35
96 36
96 37
96 38
96 39
96 40
96 41
96 42
96 44
96 45
96 46
96 47
96 48
96 49
96 50
96 51
96 52
96 53
96 54
96 55
96 56
96 57
96 58
96 59
96 60
96 61
96 63
96 64
96 65
96 67
96 69
96 70
96 71
96 72
96 73
96 75
96 77
96 79
96 81
96 83
96 87
96 88
96 91
96 93
96 94
96 97
96 103
96 104
96 105
96 107
96 108
96 109
96 111
98 2
98 3
98 4
98 5
98 8
98 10
98 13
98 16
98 21
98 31
98 32
98 39
98 40
98 43
98 44
98 47
98 51
98 58
98 59
98 64
98 69
98 82
98 85
98 87
98 95
98 96
98 97
98 98
98 99
98 100
98 101
98 102
98 103
98 104
98 105
98 106
98 107
98 108
98 109
98 110
98 111
99 1
99 2
99 3
99 4
99 5
99 6
99 7
99 8
99 9
99 10
99 11
99 12
99 13
99 14
99 15
99 16
99 17
99 18
99 19
99 21
99 22
99 23
99 24
99 25
99 26
99 27
99 28
99 29
99 30
99 31
99 32
99 33
99 34
99 35
99 37
99 38
99 39
99 41
99 42
99 43
99 44
99 45
99 46
99 47
99 48
99 49
99 50
99 51
99 52
99 53
99 54
99 55
99 56
99 57
99 58
99 59
99 60
99 61
99 62
99 63
99 64
99 65
99 66
99 67
99 68
99 69
99 71
99 73
99 74
99 75
99 79
99 81
99 83
99 85
99 87
99 89
99 90
99 91
99 93
99 95
99 98
99 99
99 101
99 103
99 104
99 105
99 106
99 107
99 108
99 109
99 110
99 111
100 1
100 2
100 3
100 4
100 5
100 6
100 7
100 8
100 9
100 10
100 11
100 12
100 13
100 14
100 15
100 16
100 17
100 18
100 19
100 20
100 21
100 22
100 23
100 24
100 25
100 26
100 27
100 28
100 29
100 30
100 31
100 33
100 34
100 35
100 37
100 38
100 39
100 41
100 42
100 43
100 44
100 45
100 46
100 47
100 48
100 49
100 51
100 53
100 55
100 56
100 57
100 59
100 61
100 63
100 64
100 65
100 66
100 67
100 68
100 69
100 71
100 73
100 75
100 76
100 77
100 79
100 81
100 82
100 83
100 85
100 87
100 89
100 90
100 91
100 93
100 95
100 96
100 97
100 98
100 99
100 100
100 101
100 102
100 103
100 104
100 105
100 107
100 108
100 109
100 110
100 111
100 112
101 1
101 2
101 3
101 4
101 5
101 6
101 7
101 8
101 9
101 10
101 11
101 12
101 13
101 14
101 15
101 16
101 17
101 18
101 19
101 20
101 21
101 22
101 23
101 24
101 25
101 26
101 27
101 28
101 29
101 31
101 32
101 33
101 34
101 35
101 36
101 37
101 38
101 39
101 41
101 42
101 43
101 44
101 45
101 46
101 47
101 48
101 49
101 51
101 52
101 53
101 55
101 56
101 57
101 59
101 60
101 61
101 62
101 63
101 64
101 65
101 66
101 67
101 69
101 71
101 72
101 73
101 74
101 75
101 77
101 79
101 80
101 81
101 82
101 83
101 85
101 87
101 88
101 89
101 91
101 92
101 93
101 94
101 95
101 96
101 97
101 98
101 99
101 101
101 102
101 103
101 104
101 105
101 106
101 107
101 108
101 109
101 110
101 111
101 112
102 1
102 2
102 3
102 4
102 5
102 6
102 7
102 8
102 9
102 10
102 11
102 12
102 13
102 14
102 15
102 16
102 17
102 18
102 19
102 20
102 21
102 22
102 23
102 24
102 25
102 26
102 27
102 28
102 29
102 30
102 31
102 32
102 33
102 34
102 35
102 36
102 37
102 38
102 39
102 40
102 41
102 42
102 43
102 44
102 45
102 46
102 47
102 48
102 49
102 50
102 51
102 52
102 54
102 56
102 57
102 58
102 59
102 60
102 61
102 62
102 63
102 64
102 65
102 66
102 67
102 68
102 69
102 70
102 71
102 72
102 74
102 75
102 76
102 77
102 78
102 79
102 80
102 81
102 82
102 83
102 84
102 85
102 86
102 87
102 88
102 89
102 90
102 91
102 92
102 93
102 94
102 95
102 96
102 97
102 98
102 99
102 101
102 102
102 103
102 104
102 105
102 106
102 107
102 108
102 109
102 110
102 111
102 112
103 1
103 2
103 3
103 4
103 5
103 6
103 7
103 8
103 9
103 10
103 11
103 12
103 13
103 14
103 15
103 16
103 17
103 18
103 19
103 20
103 21
103 22
103 23
103 24
103 25
103 26
103 27
103 28
103 29
103 30
103 31
103 32
103 33
103 34
103 35
103 36
103 37
103 38
103 39
103 40
103 41
103 42
103 43
103 44
103 45
103 46
103 47
103 48
103 49
103 50
103 51
103 52
103 53
103 54
103 55
103 56
103 57
103 58
103 59
103 61
103 62
103 63
103 64
103 65
103 68
103 69
103 71
103 72
103 74
103 75
103 76
103 77
103 78
103 79
103 80
103 81
103 82
103 83
103 84
103 85
103 86
103 87
103 88
103 89
103 90
103 91
103 92
103 94
103 95
103 96
103 97
103 98
103 99
103 100
103 101
103 102
103 104
103 105
103 106
103 107
103 108
103 109
103 110
103 111
103 112
104 1
104 2
104 3
104 4
104 5
104 6
104 7
104 8
104 9
104 10
104 11
104 12
104 13
104 14
104 15
104 16
104 17
104 18
104 19
104 20
104 21
104 22
104 23
104 24
104 25
104 26
104 27
104 28
104 29
104 30
104 31
104 32
104 33
104 34
104 35
104 36
104 37
104 38
104 39
104 40
104 41
104 42
104 43
104 44
104 45
104 46
104 47
104 48
104 49
104 50
104 51
104 52
104 53
104 54
104 55
104 56
104 57
104 58
104 59
104 60
104 61
104 62
104 63
104 64
104 65
104 66
104 67
104 68
104 69
104 70
104 72
104 73
104 74
104 75
104 76
104 78
104 79
104 80
104 81
104 82
104 84
104 85
104 86
104 87
104 88
104 89
104 90
104 91
104 92
104 94
104 95
104 96
104 97
104 98
104 100
104 102
104 103
104 104
104 105
104 106
104 107
104 108
104 109
104 110
104 111
104 112
105 1
105 2
105 3
105 4
105 5
105 6
105 7
105 8
105 9
105 10
105 11
105 12
105 13
105 14
105 15
105 16
105 17
105 18
105 19
105 20
105 21
105 22
105 23
105 24
105 25
105 26
105 27
105 28
105 29
105 31
105 32
105 33
105 34
105 35
105 36
105 37
105 38
105 39
105 40
105 41
105 42
105 43
105 44
105 45
105 46
105 47
105 48
105 50
105 51
105 52
105 53
105 54
105 55
105 56
105 57
105 58
105 59
105 60
105 61
105 62
105 63
105 64
105 65
105 66
105 67
105 68
105 69
105 70
105 72
105 74
105 75
105 76
105 77
105 78
105 79
105 80
105 81
105 82
105 83
105 84
105 86
105 87
105 88
105 89
105 90
105 91
105 92
105 93
105 94
105 95
105 96
105 98
105 99
105 100
105 101
105 102
105 103
105 104
105 105
105 106
105 107
105 108
105 110
105 111
105 112
106 1
106 2
106 3
106 4
106 5
106 6
106 7
106 8
106 9
106 10
106 11
106 12
106 13
106 15
106 16
106 17
106 18
106 19
106 20
106 21
106 22
106 23
106 24
106 25
106 26
106 27
106 28
106 29
106 30
106 31
106 32
106 33
106 34
106 35
106 36
106 37
106 38
106 39
106 40
106 41
106 42
106 43
106 44
106 45
106 46
106 47
106 48
106 49
106 50
106 51
106 52
106 53
106 54
106 55
106 56
106 57
106 58
106 59
106 60
106 61
106 63
106 64
106 65
106 66
106 67
106 68
106 69
106 71
106 72
106 73
106 74
106 75
106 76
106 77
106 78
106 79
106 81
106 82
106 83
106 84
106 85
106 86
106 87
106 88
106 89
106 90
106 91
106 92
106 93
106 94
106 95
106 96
106 97
106 98
106 99
106 100
106 101
106 102
106 103
106 104
106 105
106 106
106 107
106 108
106 109
106 111
107 1
107 2
107 3
107 4
107 5
107 6
107 7
107 8
107 9
107 10
107 11
107 12
107 13
107 14
107 15
107 16
107 17
107 18
107 19
107 20
107 21
107 22
107 23
107 24
107 25
107 26
107 27
107 28
107 29
107 30
107 31
107 32
107 33
107 34
107 35
107 36
107 37
107 38
107 39
107 40
107 41
107 42
107 43
107 45
107 46
107 47
107 48
107 49
107 50
107 51
107 52
107 53
107 54
107 55
107 56
107 57
107 58
107 59
107 60
107 61
107 62
107 63
107 64
107 65
107 66
107 67
107 68
107 69
107 70
107 71
107 72
107 73
107 75
107 76
107 77
107 79
107 80
107 81
107 82
107 83
107 84
107 85
107 86
107 87
107 88
107 89
107 90
107 91
107 92
107 93
107 94
107 95
107 96
107 97
107 98
107 99
107 100
107 101
107 102
107 103
107 104
107 105
107 106
107 108
107 109
107 110
107 111
107 112
108 1
108 2
108 3
108 4
108 5
108 6
108 7
108 8
108 9
108 10
108 11
108 12
108 13
108 14
108 15
108 16
108 17
108 18
108 19
108 20
108 21
108 22
108 23
108 24
108 25
108 26
108 27
108 28
108 29
108 30
108 31
108 32
108 33
108 34
108 35
108 36
108 37
108 38
108 39
108 40
108 41
108 42
108 43
108 44
108 45
108 46
108 47
108 48
108 49
108 50
108 51
108 52
108 53
108 54
108 55
108 56
108 57
108 58
108 59
108 60
108 61
108 62
108 63
108 65
108 66
108 67
108 68
108 69
108 70
108 71
108 72
108 73
108 74
108 75
108 76
108 77
108 78
108 79
108 80
108 81
108 82
108 83
108 84
108 85
108 86
108 87
108 88
108 89
108 90
108 91
108 92
108 93
108 94
108 95
108 96
108 97
108 98
108 100
108 101
108 102
108 103
108 104
108 105
108 106
108 107
108 108
108 109
108 110
108 111
108 112
109 1
109 2
109 3
109 4
109 5
109 6
109 7
109 8
109 9
109 10
109 11
109 12
109 13
109 14
109 15
109 16
109 18
109 19
109 20
109 21
109 22
109 23
109 24
109 25
109 26
109 27
109 28
109 29
109 30
109 31
109 32
109 33
109 34
109 35
109 36
109 37
109 38
109 39
109 40
109 41
109 42
109 43
109 44
109 45
109 46
109 47
109 48
109 49
109 50
109 51
109 52
109 53
109 54
109 55
109 56
109 57
109 58
109 59
109 60
109 61
109 63
109 64
109 65
109 66
109 67
109 68
109 69
109 70
109 71
109 72
109 73
109 74
109 75
109 76
109 77
109 78
109 79
109 80
109 81
109 82
109 83
109 84
109 85
109 86
109 87
109 88
109 89
109 90
109 91
109 92
109 93
109 94
109 95
109 96
109 97
109 98
109 99
109 100
109 103
109 104
109 105
109 106
109 108
109 109
109 110
109 111
110 1
110 2
110 3
110 4
110 5
110 6
110 7
110 8
110 9
110 10
110 11
110 12
110 13
110 14
110 15
110 16
110 17
110 18
110 19
110 20
110 21
110 22
110 23
110 24
110 25
110 26
110 27
110 28
110 29
110 30
110 31
110 32
110 33
110 34
110 35
110 36
110 37
110 38
110 39
110 40
110 41
110 42
110 43
110 44
110 45
110 46
110 47
110 48
110 49
110 50
110 51
110 52
110 53
110 54
110 56
110 57
110 58
110 59
110 60
110 61
110 62
110 63
110 64
110 65
110 66
110 67
110 68
110 69
110 70
110 71
110 72
110 73
110 74
110 75
110 77
110 78
110 79
110 80
110 81
110 82
110 83
110 84
110 85
110 86
110 87
110 88
110 89
110 90
110 91
110 92
110 93
110 94
110 95
110 96
110 97
110 98
110 99
110 100
110 101
110 102
110 103
110 104
110 105
110 106
110 107
110 108
110 109
110 110
110 111
110 112
111 1
111 2
111 3
111 4
111 5
111 6
111 7
111 8
111 9
111 10
111 11
111 12
111 13
111 14
111 15
111 16
111 18
111 19
111 20
111 21
111 22
111 23
111 24
111 25
111 26
111 27
111 28
111 29
111 30
111 31
111 32
111 33
111 34
111 36
111 37
111 38
111 39
111 40
111 41
111 42
111 43
111 44
111 45
111 46
111 47
111 48
111 49
111 50
111 51
111 52
111 53
111 54
111 55
111 56
111 57
111 58
111 59
111 60
111 61
111 62
111 63
111 64
111 65
111 66
111 67
111 68
111 69
111 71
111 72
111 73
111 74
111 75
111 76
111 77
111 78
111 79
111 81
111 82
111 83
111 84
111 85
111 86
111 87
111 88
111 89
111 90
111 91
111 92
111 93
111 95
111 97
111 99
111 100
111 101
111 103
111 104
111 105
111 106
111 107
111 108
111 109
111 110
111 111
112 1
112 2
112 3
112 4
112 5
112 6
112 7
112 8
112 9
112 10
112 11
112 13
112 15
112 16
112 17
112 18
112 19
112 20
112 21
112 22
112 23
112 25
112 26
112 27
112 28
112 29
112 30
112 31
112 32
112 33
112 34
112 35
112 36
112 37
112 39
112 40
112 41
112 42
112 43
112 45
112 46
112 47
112 48
112 49
112 50
112 51
112 52
112 53
112 54
112 55
112 56
112 57
112 58
112 59
112 61
112 63
112 64
112 65
112 66
112 67
112 69
112 71
112 72
112 75
112 80
112 82
112 84
112 87
112 88
112 90
112 94
112 96
112 98
112 106
112 107
112 108
112 112
