-1.831684804700976e-05 7.111151794062273e-05 -2.683340540647994e-05 0 1.424287872405914e-05 -1.873703652372243e-05
-0.006875456245284134 0.0176267322923646 -0.007547542237161556 0.002720092556641106 0.003261624004905128 -0.005308728113639955
-0.0001289033170435574 0.0005440400010342605 -0.0002007463633107176 5.844150268585897e-05 0.0001103835566088444 -0.0001399753582663273
-0.003434936363854963 0.0138046893347943 -0.005163044724824949 0.001539118632946744 0.002777485765252473 -0.003603358207064868
-0.001038481269786956 0.001435086497828737 -0.0007979895551737456 0.0003668301705811812 0.0002102931788189925 -0.0005682576644557532
-0.02539390509479642 -0.008093628249311728 -0.007543723147694937 0.007474484227673563 -0.00481973344559584 -0.005725061332866617
-0.02069714189069815 -0.009224963648894118 -0.005424660400413359 0.006004958256124399 -0.004536761588432785 -0.004172461603714207
-0.01962366447875399 -0.007928991784783165 -0.005375886043425456 0.005729156814779698 -0.004119231756948892 -0.004115517008858396
-0.01145478437196477 -0.005282178728778996 -0.002964580273910143 0.003329092874884537 -0.002560333716360946 -0.002284618728920557
0.009282202144368878 1.964570622219867e-05 0.003528602817108747 -0.002791747275625743 0.001055371183919505 0.002615158548466419
5.170732640864639e-05 0 1.990931824262454e-05 -1.555949151915048e-05 0 1.473799524428727e-05
0.009736656051594603 -0.0007608186475843686 0.003919572056452921 -0.00295678563220759 0.0009274109799460971 0.002892253844697243
-0.02190283132365009 -0.01756237191543731 -0.003612874045122638 0.006116488175146033 -0.00662051238354881 -0.002966077366660822
0.02727171837216034 -0.002835007334882464 0.01117504242204299 -0.008307361758291876 0.002435746433351994 0.008235366637598242
0.02023769683628234 -0.003022522994714319 0.008543436423199843 -0.006193018068324155 0.001593593300507274 0.006282059577944838
0.02116607134047893 -0.00373001220204536 0.009095583798109465 -0.00649926439762536 0.001537026015780797 0.006679873972915706
-0.000893689176559978 -0.0009313954992327655 -8.777444800284491e-05 0.0002420511566235544 -0.0003196540610111092 -8.030320417481919e-05
0.02577324965677327 -0.006280727962990067 0.01154172189610175 -0.007958490421031845 0.001459602504595175 0.008450688928744274
0.02541775632516891 -0.006106255597215833 0.01135718139828393 -0.007845012860735606 0.001459549112913981 0.008316776720069721
-0.002087222172185846 -0.00215320199030979 -0.0002101377067899808 0.0005651120257445815 -0.0007408130141413777 -0.0001909642102145671
-0.01417388263499527 -0.009545561488424626 -0.002842588280306256 0.004021503043281233 -0.003864940761189335 -0.002263874455180323
-0.009263500066594972 -0.006068974900471991 -0.001903015275611626 0.002632333680676808 -0.002485505848069786 -0.001510279703970516
-0.008330472384670485 -0.005898857741955544 -0.001589553358850914 0.002352250315390718 -0.002337003377522657 -0.001275065080293473
-0.003489735228765034 -0.002443597723405734 -0.0006725557497711647 0.000985476733416282 -0.0009721261338422961 -0.000538621072001569
0.002953193111014297 -0.001084833618514504 0.001422537609052124 -0.0009235507326217868 8.245261887755417e-05 0.001036509801511998
-0.006650210510850486 -0.004687559613790271 -0.001281014626025913 0.001884265772696777 -0.001864293392393713 -0.001026681389684737
-0.01598660179106867 -0.01352935024449888 -0.002448534453701038 0.004447022326515646 -0.005000129349652047 -0.002036997972683905
