20 58
21 62
21 63
21 64
21 65
21 66
21 68
21 70
22 56
22 58
22 59
22 61
22 62
22 63
22 64
22 65
22 66
22 67
22 68
22 69
22 70
22 71
22 72
22 73
23 58
23 59
23 60
23 61
23 62
23 63
23 65
23 66
23 67
23 68
23 69
23 70
23 71
23 73
23 74
23 75
23 76
23 77
24 55
24 57
24 58
24 59
24 60
24 61
24 62
24 63
24 64
24 65
24 66
24 67
24 68
24 69
24 70
24 71
24 72
24 73
24 74
24 75
24 76
24 79
25 51
25 54
25 55
25 56
25 57
25 58
25 59
25 60
25 61
25 62
25 63
25 64
25 65
25 66
25 67
25 68
25 69
25 70
25 71
25 72
25 73
25 74
25 75
25 76
25 77
25 78
25 79
25 80
26 48
26 49
26 50
26 51
26 52
26 54
26 55
26 56
26 57
26 58
26 59
26 60
26 61
26 62
26 63
26 64
26 65
26 66
26 67
26 68
26 69
26 70
26 71
26 72
26 73
26 74
26 76
26 77
26 78
26 79
26 80
26 81
27 47
27 48
27 49
27 51
27 52
27 53
27 54
27 55
27 56
27 57
27 58
27 59
27 60
27 61
27 62
27 63
27 64
27 65
27 66
27 67
27 68
27 69
27 70
27 71
27 72
27 73
27 74
27 75
27 76
27 77
27 78
27 79
27 80
27 83
28 44
28 46
28 47
28 49
28 50
28 51
28 52
28 53
28 54
28 55
28 56
28 57
28 58
28 59
28 60
28 61
28 62
28 63
28 64
28 65
28 66
28 67
28 68
28 69
28 70
28 71
28 72
28 73
28 74
28 75
28 77
28 78
28 79
28 80
28 81
29 45
29 46
29 47
29 50
29 51
29 52
29 54
29 55
29 56
29 57
29 59
29 60
29 62
29 63
29 65
29 66
29 67
29 68
29 69
29 70
29 71
29 73
29 79
29 80
29 81
30 44
30 45
30 50
30 51
30 52
30 56
30 57
30 58
30 59
30 60
30 62
30 63
30 64
30 65
30 66
30 67
30 68
30 69
30 70
30 71
30 72
30 73
30 74
30 76
31 43
31 44
31 47
31 50
31 52
31 53
31 55
31 56
31 57
31 58
31 59
31 60
31 61
31 62
31 63
31 64
31 65
31 66
31 67
31 68
31 69
31 70
31 71
31 72
32 41
32 42
32 43
32 44
32 45
32 47
32 48
32 50
32 51
32 52
32 53
32 54
32 55
32 56
32 57
32 58
32 59
32 60
32 61
32 62
32 63
32 64
32 65
32 66
32 67
32 68
32 69
32 70
32 71
32 72
33 40
33 41
33 43
33 44
33 45
33 46
33 47
33 48
33 49
33 51
33 52
33 53
33 54
33 56
33 57
33 59
33 60
33 61
33 62
33 63
33 64
33 65
33 66
33 67
33 68
33 69
33 70
33 71
33 72
34 41
34 42
34 43
34 44
34 45
34 46
34 47
34 49
34 50
34 51
34 52
34 53
34 54
34 56
34 57
34 58
34 59
34 61
34 62
34 63
34 64
34 65
34 66
34 67
34 68
34 69
34 70
34 71
34 72
34 73
34 74
35 38
35 39
35 40
35 41
35 42
35 43
35 44
35 45
35 46
35 47
35 49
35 62
35 63
35 64
35 66
35 67
35 68
35 69
35 70
35 71
35 72
35 73
35 74
35 90
35 91
35 93
36 38
36 39
36 40
36 41
36 42
36 43
36 44
36 45
36 46
36 47
36 68
36 69
36 70
36 71
36 72
36 73
36 74
36 75
36 90
36 91
36 92
36 93
36 94
37 36
37 37
37 38
37 39
37 40
37 41
37 42
37 43
37 44
37 45
37 46
37 47
37 69
37 70
37 71
37 72
37 73
37 74
37 91
37 92
37 93
37 94
38 35
38 37
38 38
38 39
38 41
38 42
38 43
38 44
38 45
38 46
38 47
38 71
38 72
38 73
38 74
38 75
38 76
38 92
38 93
38 94
38 95
39 36
39 37
39 38
39 39
39 40
39 41
39 42
39 43
39 44
39 45
39 46
39 47
39 71
39 72
39 73
39 74
39 75
39 76
39 77
39 78
39 93
39 94
39 95
39 96
40 35
40 36
40 37
40 38
40 39
40 40
40 41
40 42
40 43
40 44
40 45
40 46
40 72
40 73
40 74
40 75
40 76
40 77
40 78
40 79
40 93
40 94
40 95
40 96
40 97
40 98
41 36
41 37
41 38
41 39
41 40
41 41
41 42
41 43
41 44
41 45
41 46
41 72
41 73
41 74
41 75
41 76
41 77
41 78
41 79
41 80
41 81
41 94
41 95
41 96
41 97
42 36
42 37
42 38
42 39
42 40
42 41
42 42
42 43
42 44
42 45
42 46
42 70
42 71
42 72
42 74
42 75
42 76
42 77
42 78
42 79
42 80
42 81
42 94
42 95
42 96
42 97
43 36
43 37
43 38
43 39
43 40
43 41
43 42
43 43
43 44
43 45
43 46
43 68
43 69
43 70
43 71
43 72
43 73
43 74
43 75
43 76
43 77
43 79
43 80
43 81
43 82
43 95
43 96
43 97
43 98
44 36
44 37
44 38
44 39
44 40
44 41
44 42
44 43
44 44
44 45
44 46
44 68
44 69
44 70
44 71
44 72
44 73
44 74
44 75
44 76
44 77
44 80
44 81
44 82
44 96
44 97
45 36
45 37
45 38
45 39
45 40
45 41
45 42
45 43
45 44
45 45
45 46
45 67
45 68
45 69
45 70
45 71
45 72
45 73
45 74
45 75
45 76
45 82
45 83
46 35
46 36
46 37
46 38
46 39
46 40
46 41
46 42
46 43
46 44
46 45
46 46
46 67
46 68
46 69
46 70
46 71
46 72
46 73
46 74
46 75
46 76
47 34
47 35
47 36
47 37
47 38
47 39
47 40
47 41
47 42
47 43
47 44
47 45
47 46
47 67
47 68
47 69
47 70
47 71
47 72
47 73
47 74
47 75
47 76
48 33
48 34
48 35
48 36
48 37
48 38
48 39
48 40
48 41
48 42
48 43
48 44
48 45
48 46
48 47
48 49
48 50
48 51
48 52
48 53
48 66
48 67
48 68
48 69
48 70
48 71
48 72
48 73
48 74
48 75
48 76
49 33
49 34
49 35
49 36
49 37
49 38
49 39
49 40
49 41
49 42
49 43
49 44
49 45
49 46
49 47
49 48
49 49
49 50
49 51
49 52
49 53
49 54
49 64
49 65
49 66
49 67
49 68
49 69
49 70
49 71
49 72
49 73
49 74
49 75
49 76
50 33
50 34
50 35
50 36
50 37
50 38
50 39
50 40
50 41
50 42
50 43
50 44
50 45
50 46
50 47
50 48
50 51
50 52
50 64
50 65
50 66
50 67
50 68
50 69
50 70
50 71
50 72
50 73
50 74
50 75
50 76
51 34
51 35
51 36
51 37
51 38
51 39
51 40
51 41
51 42
51 43
51 44
51 45
51 46
51 47
51 64
51 65
51 66
51 67
51 68
51 69
51 70
51 71
51 72
51 73
51 74
51 75
51 76
52 33
52 34
52 35
52 36
52 37
52 38
52 39
52 40
52 41
52 42
52 43
52 44
52 45
52 46
52 47
52 48
52 54
52 55
52 56
52 57
52 63
52 64
52 65
52 66
52 67
52 68
52 69
52 70
52 71
52 72
52 73
52 74
52 75
52 76
53 35
53 36
53 37
53 38
53 39
53 40
53 41
53 42
53 43
53 44
53 45
53 46
53 47
53 48
53 50
53 52
53 53
53 54
53 55
53 56
53 57
53 58
53 59
53 60
53 61
53 62
53 63
53 64
53 65
53 66
53 67
53 68
53 69
53 70
53 71
53 72
53 73
53 74
53 75
53 76
54 35
54 36
54 37
54 38
54 39
54 40
54 41
54 42
54 43
54 44
54 45
54 46
54 47
54 48
54 54
54 55
54 56
54 57
54 58
54 59
54 60
54 62
54 63
54 64
54 65
54 66
54 67
54 68
54 69
54 70
54 71
54 72
54 73
54 74
54 75
54 76
54 77
55 36
55 37
55 38
55 39
55 40
55 41
55 42
55 43
55 44
55 45
55 46
55 47
55 48
55 55
55 56
55 57
55 58
55 64
55 65
55 66
55 67
55 68
55 69
55 70
55 71
55 72
55 73
55 74
55 75
55 76
56 38
56 39
56 40
56 41
56 42
56 43
56 44
56 45
56 46
56 47
56 48
56 50
56 55
56 56
56 57
56 59
56 64
56 65
56 66
56 67
56 68
56 69
56 70
56 71
56 72
56 73
56 74
56 75
56 76
57 37
57 39
57 40
57 41
57 42
57 43
57 44
57 45
57 46
57 47
57 48
57 49
57 50
57 51
57 52
57 53
57 54
57 55
57 56
57 57
57 58
57 59
57 60
57 61
57 62
57 63
57 64
57 66
57 67
57 68
57 69
57 70
57 71
57 72
57 73
57 74
57 75
57 76
58 39
58 40
58 41
58 42
58 43
58 44
58 45
58 46
58 47
58 48
58 50
58 51
58 52
58 53
58 54
58 55
58 56
58 57
58 58
58 59
58 60
58 61
58 62
58 63
58 64
58 65
58 66
58 67
58 68
58 70
58 71
58 72
58 76
59 39
59 42
59 43
59 44
59 45
59 46
59 48
59 49
59 50
59 51
59 52
59 53
59 55
59 56
59 57
59 58
59 59
59 60
59 61
59 62
59 63
59 64
59 65
59 71
60 50
60 51
60 52
60 55
60 56
60 57
60 58
60 61
61 55
61 56
61 57
