16 54
17 47
17 49
17 51
17 53
17 54
17 55
18 44
18 48
18 49
18 51
18 53
18 55
18 57
19 45
19 49
19 50
19 52
19 54
19 55
19 57
20 46
20 47
20 49
20 50
20 51
20 53
20 54
20 57
21 45
21 48
21 50
21 52
21 53
21 54
21 57
22 46
22 48
22 49
22 50
22 53
22 54
23 42
23 44
23 45
23 48
23 50
23 52
23 53
23 55
24 43
24 44
24 45
24 48
24 49
24 52
24 54
25 44
25 45
25 47
25 49
25 50
25 52
26 37
26 43
26 44
26 45
26 47
26 49
26 50
26 54
27 35
27 36
27 37
27 43
27 45
27 49
28 35
49 60
49 61
49 62
49 63
49 66
49 67
50 60
50 61
50 62
50 63
50 64
50 65
50 66
50 67
51 60
51 61
51 62
51 63
51 64
51 65
51 66
51 67
51 68
52 59
52 60
52 61
52 62
52 63
52 64
52 65
52 66
52 67
53 60
53 61
53 62
53 63
53 64
53 65
53 66
53 67
53 68
53 69
54 60
54 62
54 63
54 64
54 65
54 66
54 67
54 68
55 62
55 64
55 65
55 66
56 62
56 63
56 64
56 65
57 65
58 60
58 61
58 62
58 64
