-0.009991126773561759 -0.007658906009488074 -0.007225980658215714 -0.002382308197555217 -0.00358966175698088 -0.005208262778470188
-0.01229074807426765 -0.0096915862914501 -0.009434371208716966 0.0008111762036853768 -0.0006747837082369147 -0.001959012764563712
-0.007433452800193188 -0.005910754504209443 -0.005745661097291124 0.0002575705500438309 -0.0005714614872953833 -0.001315806095906403
-0.006162428484345475 -0.005131349277126349 -0.005156247545545853 0.00239709260370171 0.001896137844690132 0.001867355143048995
-0.007382416737326566 -0.005908597050929371 -0.005752121830731614 0.000385621660612283 -0.0003080170133244923 -0.0008956814696335181
-0.008564930331283523 -0.006703766722875766 -0.006411106593400231 -0.0009817964258305879 -0.001894880547772867 -0.002940638417505475
-0.00857194338237084 -0.006643760927276962 -0.006311756228420568 -0.001483593502662219 -0.002456236040712162 -0.003667858533630893
-0.008137849029557775 -0.006284471462912111 -0.005949144294971601 -0.001568059736861089 -0.002458331317079156 -0.003601972042545982
-0.009866186432407822 -0.007529630679695486 -0.007067926465599267 -0.002734908704818047 -0.003912193600831174 -0.005545606681906482
-0.01097936902450514 -0.008432582439268373 -0.007997255922473535 -0.002029592639571052 -0.003405107228648322 -0.005111440816230168
-0.00443030280779579 -0.003641136197981005 -0.003570502909562484 0.0004995143088765704 0.000109385725011002 -0.0001508457925824355
-0.006913979768230924 -0.005620355234539682 -0.005565016535918574 0.001514315426872954 0.0008007686114719472 0.000403674678762056
-0.00463286108251883 -0.003903509477438121 -0.003929616278181074 0.001824603769044795 0.001447407015690788 0.001443406902748538
-0.005240865517677753 -0.004265635798551001 -0.004147664680563212 0.0001616509989882886 -0.0002697025645517022 -0.0006106054532354644
-0.004922316055062969 -0.003857015841301518 -0.003616464139220016 -0.001448854010604244 -0.001885828039298664 -0.002538697826443012
-0.006709062879863396 -0.005346254353727468 -0.005182882494825284 0.0001172892209793978 -0.0005343039571223415 -0.001098327555667074
-0.00633117946042086 -0.004873733699420562 -0.00455295364054299 -0.002015365552697938 -0.002683139470415216 -0.003668468154284174
-0.007776592192755224 -0.006142429646492822 -0.005948290716818122 7.539410135009435e-05 -0.0007870067686498735 -0.001593105662221611
-0.00728272937212083 -0.005611252585262872 -0.005267145160265834 -0.002074961162694975 -0.002901928233077095 -0.004056384471857864
-0.0101107026131986 -0.007865876857282976 -0.00753099899607091 -0.001020356415585278 -0.002174052970074854 -0.003445488485247704
-0.006992861923802628 -0.005248535491417813 -0.004799347054546872 -0.003479719660719166 -0.00431909898583924 -0.005756301241236089
-0.00792718126907819 -0.006148976351553022 -0.005844011348849398 -0.001277481077584792 -0.002235144433395233 -0.003379383644218872
-0.008997733660102206 -0.006914303065613225 -0.006543280925384767 -0.001804879643196101 -0.002885918177132357 -0.004258080686978152
-0.006734307803243705 -0.005537211967418105 -0.005522987777357146 0.001852908202212894 0.001140338669557135 0.0008315089751333939
-0.004784223232799928 -0.003965950018716186 -0.0039166063028217 0.0008342918401574753 0.000442414789994629 0.0002702682785580117
-0.004407768240587242 -0.00375288991179345 -0.003774542333433955 0.001674720501261776 0.001413655933679832 0.001536886065213579
-0.005151044772025711 -0.004280715351555467 -0.004276261798308506 0.001629525731868674 0.001190737154147307 0.001109842126848847
-0.004069070314446617 -0.003518408459966006 -0.003573097414897184 0.002049258563434615 0.001834907551445265 0.002083306834343978
-0.006859532592588096 -0.005473269493466327 -0.005309000315640995 3.166972470810178e-05 -0.0006834375552183932 -0.001328337546496116
-0.004541730294272674 -0.003605472133277968 -0.003405939891430426 -0.001050753666371287 -0.001371523965475498 -0.00180449959855696
-0.006403237689105274 -0.005016412135288813 -0.004777084606556931 -0.001034959632022009 -0.001732404073691235 -0.002568989872482352
-0.005333978863152785 -0.004242902250369156 -0.004055699901125616 -0.0007139965156954721 -0.00119930634154763 -0.00173195678498686
-0.008002875202456808 -0.006290052378192335 -0.006051161013439665 -0.0005218064275989266 -0.001417691518686572 -0.002335084289861339
-0.005242635574429102 -0.004036169989608938 -0.003742829108725223 -0.002004775890899692 -0.002525809289736204 -0.00334432868509905
-0.007003721112667635 -0.005422898026843877 -0.005138597114205882 -0.001306058148601758 -0.002100274188664679 -0.003085053299497625
-0.006300473364779595 -0.004734626325783154 -0.00432945333748317 -0.00312887031420486 -0.003850011362959343 -0.005088723246249107
-0.006304835029872742 -0.004805815930718561 -0.004466447618432143 -0.002193944467819162 -0.002869958517314394 -0.00390386312164288
-0.006413988533352452 -0.004752297802225989 -0.004297334693281384 -0.003675375144101967 -0.004437384693075567 -0.00584529201110477
-0.006176295089746721 -0.00510378243500395 -0.00509915057360972 0.001747481838827721 0.001125252120718303 0.0008913821426130245
-0.002240856534969965 -0.001992373331062998 -0.002007975703514084 0.0008980539264353192 0.0008454421623049055 0.001009708651450497
-0.003706906714496625 -0.003071918450004413 -0.003017098784631233 0.0003851742625370027 0.0001291146336905378 1.479368498626254e-05
-0.001498586995815394 -0.001356838056379163 -0.001320976765034215 -1.649117613028414e-05 4.197086098269811e-05 0.000154721270558386
-0.003955408275622097 -0.003247478388633896 -0.0031709128951156 0.0002009983684604604 -0.0001037425157990464 -0.0002957652516716215
-0.001705334750071696 -0.001613127911855303 -0.00164984132131475 0.001020777523378857 0.001061154183449095 0.001384044148885523
-0.003146011134429986 -0.002516497283465657 -0.002371436870742293 -0.0009096952155590976 -0.001104137891482023 -0.001407012755388663
-0.003621429488352076 -0.002872235981046809 -0.002680897691355426 -0.001394587350669405 -0.001669184453094108 -0.002121791462698699
-0.004727568240410267 -0.003729650125747409 -0.003541223654265985 -0.001002550923748339 -0.001493889009447288 -0.002095455720310882
-0.001888117270382087 -0.001623383410987953 -0.001552039243273506 -0.0003276655376790308 -0.0003354088593603053 -0.0003259081197548855
-0.006222135785627854 -0.004748980684034109 -0.004418658359116205 -0.002355587301979093 -0.003216036082594499 -0.004445623065245394
-0.005231002695465507 -0.004078028776894246 -0.003815814408251459 -0.00171503574698921 -0.002247700030421987 -0.003003656519328568
-0.001416058128171534 -0.0009032193362130051 -0.0005819383874917199 -0.003587699747472219 -0.003642324760042127 -0.004322859677835598
-0.00568878400912866 -0.004227214097531544 -0.003790072930814554 -0.003897838745933134 -0.004602988816234984 -0.005937896791441052
-0.004376008128378748 -0.003222026349274369 -0.002864956563390618 -0.003116177106241973 -0.003580438817797483 -0.004594241636231684
-0.005474140482278594 -0.004083960374397439 -0.003697962658218993 -0.003175864354269029 -0.003842786672835727 -0.005039118321610482
-0.002866407686133374 -0.002731593589618751 -0.002956895684345969 0.003765360571183995 0.003548656622403267 0.004095205625339439
-0.004842733972506915 -0.004007138462427163 -0.003972916737807732 0.000879315087896157 0.0004092836402172438 0.0001787092627416526
-0.002777553050524917 -0.002444668877595469 -0.002465883196277822 0.001117077726486503 0.000941056894651174 0.001040606160659035
-0.002836731409659611 -0.002355528778629125 -0.002285752668667144 -0.0001328832392590549 -0.0003280530229568165 -0.0004904639005920493
-0.001614911991320508 -0.001595387357914474 -0.001695517552745096 0.001742620236133464 0.001738944997197823 0.002125032523489014
-0.002003104082055201 -0.00180425349807966 -0.001837912136022491 0.0009771747369727985 0.0009441847901159926 0.00117184084033958
-0.004019875476065372 -0.003585634175079032 -0.003719410081287171 0.002981091781508734 0.002702900213113573 0.003092786302141939
-0.00268149029617682 -0.002273143527838655 -0.002239213696127408 0.0003774688212787873 0.0002639393017817896 0.0002883427709147417
-0.004202618631361549 -0.003516580220841677 -0.003473187510312061 0.0007090466356818077 0.0003347817100916938 0.0001990007812884529
-0.001916520199676496 -0.001568732899725171 -0.001455082154938929 -0.0009024071950254067 -0.000950598359412056 -0.001095170891234315
-0.003414193137505802 -0.002899342941601655 -0.0028748008518791 0.0007380783074650534 0.0004137460720825589 0.000339013413012137
-0.003067733514213507 -0.002228748540820982 -0.001892172762899248 -0.00348157438768325 -0.003730333812194243 -0.004551636224418989
-9.005660336626203e-05 -8.048581554725106e-05 6.128156716306868e-05 -0.001561432542034243 -0.001435800161535335 -0.001526706020586412
-0.004643600510025598 -0.003447254868379049 -0.003086946353552952 -0.00325319214594317 -0.003805475870600146 -0.004881310491541216
-0.002472257999352316 -0.001782895990548599 -0.001469205812927451 -0.003179681139953525 -0.003448371635213379 -0.00423052890495039
-0.003611668238682277 -0.002724266959277382 -0.00244355559545993 -0.002389890303773019 -0.002758077263461035 -0.003512237627194786
-0.001526507216195868 -0.001287333834994064 -0.001205860734204456 -0.0006377280856444777 -0.0007072351114877169 -0.0008250427970294061
-0.001853285019044222 -0.00176722005452616 -0.001867987578387194 0.001855102548676077 0.001804819812685302 0.002148714265312616
-0.001885303337829973 -0.001768984148301739 -0.001850711158409824 0.001497711138787112 0.001378703260165522 0.001594035236280747
-0.0015785040597582 -0.001548175665347324 -0.001631327580699599 0.001485556135891084 0.001511789163105913 0.001878478901195918
-0.001245932634092902 -0.00122418469709135 -0.001266148996099574 0.0008183906792910104 0.0008567403614360161 0.001123222587732264
-0.001080683305486406 -0.001170182405304459 -0.001296563391844009 0.001974832207002663 0.002090543456632983 0.002628278644203877
-0.0005968649815813933 -0.0007209936762054358 -0.0007789345878187994 0.0008890646013117101 0.001017940049387617 0.001393614831942526
-0.002307870952354831 -0.00214475191832668 -0.002238988777013961 0.001897136692077388 0.001842557489181729 0.002206301784887064
-0.004145643906029611 -0.00338290158784299 -0.003273982753852707 -0.000288113860495267 -0.0006628231488356335 -0.0009763961508256186
-0.002532895605424176 -0.002276992068514468 -0.002351831342424165 0.001826799458835425 0.001727263297618991 0.002025488623632982
-0.00340542803264996 -0.002636967750984591 -0.002406124288185023 -0.002159159558648711 -0.00254333516139127 -0.003219557738751971
-0.0009308130172070642 -0.0009230010817742742 -0.0009211329075330285 0.0003598230178870049 0.0004209243843440221 0.00064614913026729
-0.001221858121500531 -0.0008495773971848212 -0.000594077968952662 -0.002967478924135592 -0.003050185688363012 -0.003594097795861805
-0.001081064844538033 -0.0009934686211244222 -0.0009468303283129666 -0.0002009899522854237 -0.0001518384915583091 -5.532766662569917e-05
-0.003613575627295765 -0.002574735583714224 -0.002172439241563865 -0.004284356519374533 -0.004809128976659638 -0.006048105951000986
-0.005065728771258909 -0.003853611298156953 -0.003555703285341914 -0.00223624349807203 -0.002795527653882693 -0.003725069984793372
-0.0002684611482121072 -0.0003797423580792479 -0.0003885904647139296 0.0002324975132984128 0.000301754515019381 0.0004549896522485107
-0.002754711473665624 -0.002449214640526813 -0.002515796505181353 0.001585256956679865 0.001347629114281441 0.00147609448811843
-1.374478684966247e-05 -0.0002036341731487974 -0.000223942846316642 0.0001947842100325568 0.0004030102903344918 0.0006998049166641701
-0.003863047375075433 -0.003230058654590523 -0.003202630562632048 0.0007848579694372919 0.0003842567820352338 0.0002070477845333089
-0.003729290423819551 -0.00309711539128251 -0.003041086271459898 0.0003616101929851008 0 -0.0002122298082360109
-0.0002760220011942265 -0.0005916280690841943 -0.0007882895708102107 0.002645576501442029 0.002842355838483835 0.003594304844127278
-0.003730800465143645 -0.003326388444092854 -0.003460123936803646 0.002839307914039204 0.002536453226728041 0.002859282504193393
-0.00373992854851976 -0.003078139267459744 -0.002996262029249516 1.327775682003389e-05 -0.0003593818699793955 -0.000616325713115405
0.0004379708791797873 0.0001714348493209839 0.0001664544348806665 1.542129215028369e-05 0.0001942251682439713 0.0004638806235260254
-0.003674585717709376 -0.002762113141363951 -0.002468637251722265 -0.002809926163366823 -0.00331852272847878 -0.004244732040965976
-0.002591210261526671 -0.001859627771614609 -0.001553954305121517 -0.003108456228636492 -0.003429552525766443 -0.004283109920998333
-0.0003919789281574178 -0.0004882175746712696 -0.0005165328103948891 0.0006182450932332632 0.0006456261546683558 0.0008393640063193485
-0.0005792447732943483 -0.0005095826970913639 -0.000432154689541902 -0.0008571720897138474 -0.0008829380752007792 -0.001045308053180916
0.001969281223947105 0.00140064315082955 0.001367179750752692 -2.383557295477429e-05 0.0003009127844451689 0.0006654174670238735
-0.0005147806817558187 -0.0005765858238039718 -0.0005827685005248599 0.0002124676653312577 0.0002789391648015098 0.0004255518569221637
2.991811079491779e-05 -0.0001795691977749577 -0.0002250782695672264 0.0006659487690607469 0.0008102694538279571 0.001131175280854243
-0.002638387150896943 -0.002423893751395912 -0.002556285091281414 0.002511419855781052 0.002326540718497503 0.002671106394497709
-0.002678613166674248 -0.002301601510040292 -0.00229216603792961 0.0006649094512983516 0.0003935774348913046 0.0003303122310908914
-0.003933012839415204 -0.003252129346482374 -0.003192667821509911 0.0003249304993424689 -5.664060853605846e-05 -0.0002995456632074989
-0.000598170957457459 -0.0008530768223997419 -0.001054858632768823 0.002911641942920984 0.003015096684480105 0.003724701567080351
-0.0006594004593955974 -0.000722261057137918 -0.0007525152758735876 0.0006197355473370584 0.0006813125953489864 0.0009152037330224893
0.001066653031900918 0.000610375877431938 0.0005440225506502157 0.0006039561943127161 0.0008545816104961619 0.001301491794263635
-0.0005984951156629537 -0.000673465233204776 -0.0006942044572039715 0.0004764155650091142 0.0004982877684815102 0.0006825071434540302
0.0003999469453138505 0.0002386757817258745 0.0003073810893382733 -0.0009154308286394549 -0.0008233172681697754 -0.000819189247181241
-0.001161588620259457 -0.0008359174066811501 -0.000621879469128627 -0.002433684651147612 -0.002558661804342151 -0.00308108228338537
0.0005262618383909764 0.0005459296884259176 0.0007645063617751387 -0.00302550751044135 -0.003008298213152462 -0.003494572298553246
0.0007991513628829305 0.0008575174923338709 0.001140457715736094 -0.003976106079119631 -0.003918431307448725 -0.004561142758042335
4.838468880106288e-05 0.0003488821007598314 0.0007086887971058394 -0.004737017672549524 -0.004791570528828493 -0.005712222536770454
0.0007891533859683203 0.00059251659116976 0.000672377174583803 -0.001025273812668451 -0.0008239880219789686 -0.0007622390147828489
-0.0006186580465260307 -0.0005382462413842682 -0.0004659301381735891 -0.0006677643308904547 -0.0007380513881779565 -0.0008774383834682062
-0.001188760465159012 -0.001069116524915684 -0.001050496068155858 0.000228908955762905 0.0001391259625030392 0.0001293830321524272
-0.002490378257274098 -0.002044790086955381 -0.001950001521886629 -0.0004212584391269454 -0.0006499254558827013 -0.0008889263018549642
0.001452737362237964 0.00107537768146189 0.001115276836965106 -0.0008457162463137834 -0.000563377070231754 -0.0004079546135974516
-0.003234011986017621 -0.002699964411118962 -0.002653516013246305 0.0004321325026582512 0.0001018841776693671 -6.446948653848747e-05
-0.005089133980650307 -0.004151708592048646 -0.004089194198970657 0.0007710428057525632 0.0001587070702910846 -0.0002300728065052018
-0.002867101321004117 -0.002380584517103412 -0.002316694538390208 0.0001328661303759371 -0.0001623481006249301 -0.0003540188561035241
0.0007769379902990175 0.0007621410907114309 0.001000655023825065 -0.003298922395447118 -0.003232480590799803 -0.003724512183411367
0.0003309748214327545 4.643033442081119e-05 -3.803939839941514e-05 0.001432692127628653 0.001589991793464838 0.00205824285359739
-0.0001396043604330469 -0.0001548597139726115 -8.466262168734888e-05 -0.0005872011345235108 -0.0005499737854056766 -0.0005735197202047685
-0.0001326225071567376 -9.631350354583294e-05 0 -0.001046597850856891 -0.001059236886617054 -0.001227659374383577
0.0006021680733173227 0.0004319132364031801 0.0005066879169280869 -0.0009064218545865503 -0.000773853509857174 -0.0007577520537725942
0.0007965652259030494 0.0007534047101481333 0.0009498776316250722 -0.002565813090416749 -0.002442525619521374 -0.002774630560186856
0.0009315215664818036 0.0005998702836608243 0.0005984614578999033 7.113592682272392e-05 0.0003062174757594527 0.0006062150742225593
-0.002432071736468177 -0.001916108467524782 -0.0017746911322024 -0.0009167891670504814 -0.001190882567800778 -0.00158781561412849
-0.004653004245229534 -0.00393960439267834 -0.004007952910226684 0.00246477323162221 0.001945280453863741 0.0019697319407829
-0.002058316768608351 -0.001753472983072426 -0.001717431828699595 0.0003961118616761586 0.0002708743669282641 0.0003008634980710981
-0.00152081771674487 -0.001334537514473637 -0.001312907894574418 0.0003587365482665964 0.0002199515575742544 0.0002142065625821119
-0.003668908330772956 -0.002937782521886695 -0.002828966862673432 -0.0001276025285689473 -0.0005884217541160705 -0.0009962946820059465
-0.002512220557300437 -0.001875680619599307 -0.001627631471409235 -0.002348060984957154 -0.002728202155450098 -0.003483580907555111
-0.002978311228457979 -0.00225584521654154 -0.002051480925872159 -0.001679355452696651 -0.002119220383240598 -0.002820076692189173
-5.6918587220721e-05 0.0001624162680207285 0.0004358667854960165 -0.00350273257655861 -0.003624407387487712 -0.004342800683071275
-0.002026283025792198 -0.001507476732141161 -0.001311301584103387 -0.001439814639108142 -0.001729436913629425 -0.002241938187010363
-0.00141941442934671 -0.001111223203009654 -0.001014557339183206 -0.0003282604876277228 -0.000512118298069113 -0.0006765436315986057
-0.001953247068538928 -0.001573306927656645 -0.001483254585956883 -0.0001872469485953588 -0.0004476967238171987 -0.0006962390651320381
0.0009163780051543481 0.0007491143113733761 0.000853721338941147 -0.001156467191156757 -0.0009598316192895259 -0.0009079372715669618
0.000560142479942237 0.0005208077662916133 0.000685339990350136 -0.001903677113393871 -0.001856020687831012 -0.002128163173577552
-0.0003893076725651158 -0.0002528732450621547 -0.000112388244079019 -0.001316274051758088 -0.001378367446651293 -0.001624926894658668
-0.0008386163788390793 -0.000641703660335701 -0.000502550783404314 -0.001195399659495908 -0.001316173487675438 -0.001615863389379107
-0.001621450579363315 -0.001415196100324829 -0.001391215583128955 0.0005241349978325132 0.0004021299489217009 0.0004250402336597997
-0.00362772373910387 -0.003128065933101903 -0.003202699569075273 0.002346120450836105 0.001920986714631827 0.002000086413773462
-0.005469383581689131 -0.004324726620945095 -0.004170119991725315 -9.715283911380072e-05 -0.000814287216048107 -0.001440754229457108
-0.002410282201663443 -0.002025609235826457 -0.001982593213753029 0.0005201898408157866 0.0002655589080018189 0.0001612515802481888
-0.0038958236386036 -0.003056091247821582 -0.002902926641971448 -0.0005953123055670304 -0.001135210344291942 -0.001697422839959036
-0.002112985039233379 -0.001571286469613968 -0.001364147428055033 -0.001809990570988355 -0.002126061806360712 -0.002697615074200393
0.002078721602278141 0.001628340996100444 0.001671045969073079 -0.000418408277911517 -0.0001296689309735459 0.0001448488192302516
-0.004032567116483756 -0.003289516277745643 -0.00327342002644257 0.001631496353810198 0.001063930485366989 0.0009142644640428481
-0.002337632781262484 -0.001976917975125036 -0.001988279210294788 0.00158509713617267 0.001250440680686064 0.001296328722716999
0.001590159288010869 0.001366772574695504 0.001520375064437625 -0.002068935961709244 -0.001863559700570434 -0.001986634339706546
0.0005566131049951036 0.0003823605690928801 0.0004102378030564284 0 9.756929131892919e-05 0.0002404436730099423
-0.001217674994111856 -0.00095763328906737 -0.0008615115146395518 -0.0004587724083657825 -0.000691485282754583 -0.000923732775707161
0.0002765768852027619 6.326123563072534e-05 1.563868975402157e-05 0.001023082413320013 0.001097941727923538 0.001417155976898142
0.003368334174569989 0.002602937283208703 0.002593698270360787 -0.0004595369621013797 4.626261777107185e-05 0.0005165126378369578
-0.0006715548745831317 -0.0008314629381692549 -0.0009864387079931765 0.002709408250673222 0.002732079656803939 0.003307493156142574
-0.0005780086491772006 -0.0006740198380432684 -0.0007703763670946161 0.001901344722316213 0.00186923198418969 0.002265367521301448
-0.0002482229935491795 -0.0005663903137649734 -0.0007935483029342879 0.003494884134240032 0.003577241202685467 0.00437410697320261
-0.002790612647867246 -0.002244938471394781 -0.002159956245522748 6.123017517108708e-05 -0.0003170966432642777 -0.0006003712839630716
-0.002701067596517064 -0.001905427076979913 -0.001603423135890493 -0.00283320686200822 -0.003335331670171466 -0.004289965180370634
0.0002475547263060649 0.0001654053562084453 0.0002277535106095982 -0.000440235999941092 -0.0004609218985287815 -0.0005172554490320652
0.002581831092435753 0.002132862104548708 0.002253720840852427 -0.001996297615759094 -0.001796060515487989 -0.00195423051088493
-0.004987147994950428 -0.003950274635709786 -0.003839716592090716 0.0006513710954124107 -8.484527811676653e-05 -0.0005720128300866417
-0.0001557498587187755 -0.0002532084286628574 -0.0002755876045400268 0.001086350498090775 0.001104457837870583 0.001424274055412851
-0.004335268632989062 -0.00358606768124087 -0.003607750882267422 0.002251948391057705 0.001662787099675358 0.001619972924896284
-0.002617829468072878 -0.002044204691940751 -0.001929764834389647 -0.0001511425441590319 -0.0005133123942244583 -0.0008034686851062388
-0.001559298250002544 -0.001549738817627142 -0.001735908879505469 0.003489417923618521 0.003391481716056877 0.004024430672041086
-0.0004043421883091462 -0.0003880738968672537 -0.000382367432149539 0.0005779856928181298 0.0005342980046111902 0.0006955860691995882
0.0004230075724297323 0.0005735681151849373 0.0008322584496264103 -0.003050480584420616 -0.003051673556623228 -0.003535374996412734
0.004345800197858456 0.003399477191064309 0.003402466346786238 -0.0007880198999996637 -0.0001859097532185144 0.0003338246048026395
0.003536191233906598 0.002599207659988251 0.002446375542673323 0.001385833976765933 0.001932968061287621 0.002766774078315708
0.001099900683331613 0.000483394859933971 0.0002036217228731542 0.003649849996568594 0.003921176683925614 0.004933498960644157
-2.299052934542259e-05 -0.0001713285737213094 -0.0002227445076873174 0.001506960860214329 0.001545649743473721 0.001999357461821148
-0.001426980964300136 -0.001042824383624782 -0.0008905179847637408 -0.0008521730106325407 -0.001129117059763159 -0.001443812245943015
-0.002674611546164128 -0.002237789861550237 -0.002252196109357348 0.001803571808367486 0.001403975818012724 0.001464010707803104
-0.0008077323110271639 -0.0007858372480675711 -0.0008359943466925494 0.001648027792294366 0.001521699937838868 0.00181718604000155
-0.002920862068119284 -0.002354228065627511 -0.002304622531288254 0.000978563687121094 0.0004875644410669336 0.0002913454406729885
-0.002316493111577176 -0.001980346152639325 -0.002010016434044217 0.001768668249071421 0.00147215542145502 0.001604468952038806
-0.000545251362619748 -0.0006954156629408583 -0.000868127173703587 0.002944979453189563 0.002925759468815811 0.003513112108890194
0.00154305008360868 0.0009383229093170228 0.000733191799718812 0.002660832737131085 0.002947434725945052 0.003778987272108532
-0.004737384715911966 -0.003535769905159799 -0.003260669127318576 -0.001572364200673365 -0.002353231363410997 -0.003336952743298363
-0.0004913300506283253 -0.0002259156067253359 0 -0.001871524166789028 -0.001959675892915498 -0.002265064368705481
-0.003589293594137853 -0.002519231590069541 -0.002164483284490291 -0.002967310463447133 -0.003624699754094958 -0.004762435574386387
-0.0008389889824765533 -0.0004721634111829239 -0.000230123385136236 -0.002029366649804205 -0.002200212931282883 -0.002612197109685346
0.000944888586885394 0.0009247957399240062 0.001119824037622116 -0.001992215505243969 -0.002023696462713982 -0.00231066762343982
-0.004876750622869205 -0.003645254683296502 -0.003345207103542318 -0.001797494109802191 -0.002553462831261173 -0.003511192231802563
-0.002068293454741402 -0.001367276735842265 -0.001058902895190259 -0.00271320481842693 -0.003126874520871257 -0.003932699969516845
-0.003733966354921681 -0.002561841739400836 -0.002140610928150301 -0.00381596237616238 -0.004507171638326613 -0.00580014947495856
-0.005517400191779379 -0.004095545946465286 -0.003777928982018596 -0.0017710064715378 -0.002807253449641849 -0.004061786847503915
-0.003150970715309695 -0.002216114360892741 -0.001885453534483508 -0.002582023736053395 -0.00320808943931266 -0.004178849887375644
-0.004416462004368035 -0.003168364292333359 -0.002804604021880093 -0.002635724878798424 -0.003488976520816841 -0.004718582610662597
-0.002237148183382952 -0.001942349135478502 -0.002004860941258606 0.002307108355843052 0.002043088716119148 0.002290287028877279
-0.002917867268676293 -0.002269740588804973 -0.002146838731349443 1.997337320630867e-05 -0.0004656343355374018 -0.0008722073461691947
-0.002767470436794618 -0.001898414985471205 -0.001562841286346414 -0.002913645537024554 -0.003479605498865658 -0.004523734586528351
-0.001292311778153869 -0.000865347838574973 -0.000648227365335607 -0.001743234488253169 -0.002043124400201907 -0.002571693878310426
-0.003041003756500674 -0.001981151099047711 -0.001539442260371881 -0.004281751388903164 -0.004900613004077603 -0.00624999360600655
-0.002623332834573936 -0.001684858124708754 -0.001273573906882031 -0.004019245452187977 -0.004568121400679614 -0.005770144902929445
-0.003672906799680411 -0.002404517316837724 -0.001895883232908258 -0.005000058438679168 -0.005730452419389855 -0.00731307165062332
-0.005872279031022174 -0.004278540307859243 -0.003874267343182022 -0.00285100077864298 -0.003900199448315825 -0.005370728145432828
-0.004902788113210565 -0.004239739166250398 -0.004464641854066966 0.005074575841923079 0.004528338989154244 0.005015377358693189
-0.005843578368859175 -0.004604107539981504 -0.004460241781546455 0.0005490319245936283 -0.0003030352179959658 -0.000982317661348982
-0.001749627022909858 -0.001263419047222594 -0.00108516268962858 -0.001206259219249243 -0.001549494561622034 -0.001998863666787433
-0.002266459752757571 -0.001445127663876531 -0.001051858716427592 -0.003864252234733069 -0.004363195296104759 -0.00549398746224613
-0.00807680343088028 -0.006105871693145122 -0.005737466398041762 -0.00174338972229197 -0.003066540963623444 -0.004605850527135116
-0.004138089418242343 -0.002703367897388811 -0.00209406287760268 -0.006175110059451018 -0.006961634396033885 -0.008826286995954223
-0.004806180867450672 -0.004273347226419778 -0.004595839545534756 0.00624041383110575 0.005713356808701316 0.006431138664058018
-0.006812316006754404 -0.005835028396445462 -0.006105129575086074 0.006149239108226602 0.005298096432248669 0.005680474452083275
-0.002450678076651009 -0.002245479001572827 -0.002423866260988135 0.0037893089262976 0.003501085419797725 0.003995759250037023
-0.005801422248062328 -0.004754820696218401 -0.004776969940128798 0.002621737635084923 0.001795976341034579 0.00154895329566281
-0.001294009683242469 -0.00105139171661448 -0.001000749161900563 0.0003763074530083103 0.0001396620442926916 5.960240322169063e-05
-0.005621236880202627 -0.004490030609165048 -0.004399067372236318 0.001050628285529426 0.0002253956482492096 -0.0003047695466721673
-0.00462803057678342 -0.004213832297584343 -0.004601322115094565 0.007027690401449386 0.006561077066491634 0.007485675175433578
-0.004389174631027746 -0.003816184632915081 -0.004019349969632189 0.004562319939141693 0.004016517600881955 0.004394332463894862
-0.002945862131946544 -0.00275136323569897 -0.003035014045993201 0.005224908494477491 0.004849500231463862 0.005525594264900357
-0.004146968241067798 -0.00349187785677618 -0.003571314393007418 0.002857945448496805 0.002252096604345375 0.002277648272464774
-0.004034291333313405 -0.003165689881229202 -0.003052665033157753 0.0002978073447888219 -0.0004295835748262703 -0.0009878362946305391
-0.002777633246350492 -0.001529912146281031 -0.0008640692550377904 -0.007543198403899551 -0.008197202738397804 -0.01013929768357649
-0.005446768032579658 -0.004108737563603047 -0.003803211716471612 -0.001831757000634444 -0.002743059757776178 -0.003871788816850119
-0.005281809648109947 -0.004819293342384547 -0.00528485486286654 0.008225920551787589 0.007732714723982129 0.00887173810384162
-0.004786817748557469 -0.004409250448511952 -0.004850972098006096 0.007686652674959306 0.007191775894145261 0.008207389866015907
-0.003568094384281668 -0.003382644469062879 -0.003776436692845249 0.006819362005663305 0.006431967724740447 0.007413039602999781
-0.005861496578429088 -0.004999797612614815 -0.005198505430282468 0.004831821213481216 0.004034020789929714 0.004220956460604773
-0.003149863706659296 -0.002867528246231238 -0.003090444348332019 0.004475762204999448 0.004038506624935261 0.004560981777176059
-0.003240618793334774 -0.002654357751197359 -0.002650522382600132 0.001445768928100723 0.0008629682383026482 0.0006641437824160892
-0.005078255949266014 -0.003317117595300572 -0.00260842362556136 -0.007562167744393649 -0.008611584517389147 -0.01093535722006102
-0.003928217873398702 -0.002568518831427208 -0.002001441276667347 -0.00605231458162103 -0.006829438896583783 -0.008610539381393622
-0.003717976057099186 -0.002564586865083945 -0.002129923742676493 -0.004283556981136578 -0.004982671735568356 -0.006362461444550285
-0.004579076952502902 -0.003538462163355609 -0.003331476045139809 -0.0009494657748554964 -0.001662558555748926 -0.002425378598152329
-0.004685484956401499 -0.004489279042326046 -0.005077666430189694 0.009625157015800924 0.009250085056645875 0.01076605201249319
-0.006826390671825501 -0.006080133783534353 -0.006543896481945038 0.008598268498967856 0.007817274725068761 0.008753159935180096
-0.007030216817026599 -0.006180172026515724 -0.006611160486224029 0.00823455971491515 0.007346522956627766 0.008085651998737451
-0.006412399677970832 -0.005578943235850427 -0.00589161517987438 0.006461465026634174 0.005627348962334102 0.006096720900009215
-0.004627916020102816 -0.003138784033454079 -0.002591293640208259 -0.005609995656770985 -0.006600364169814616 -0.008523483416519342
-0.004243647362230007 -0.002921902322542986 -0.002443699737859459 -0.004894886058445245 -0.005747468737434738 -0.007401177566722821
-0.00585021324547824 -0.005470855727345788 -0.00610751938768639 0.01047670994376123 0.009971436810967082 0.0115321068297026
-0.00486473058299961 -0.004518770075575958 -0.005005397919684357 0.008302555847788882 0.00785661479467414 0.009059592652282778
-0.006177684508482013 -0.00558030750796828 -0.006061037550183604 0.008573931316531327 0.00784555411644948 0.008841139946672631
-0.005164621601652375 -0.004616026800553342 -0.004967031732744993 0.006583681049170511 0.005935149696612367 0.006596832690132369
-0.006049361173801288 -0.005123939059715016 -0.005304686235107535 0.004582213165952254 0.003693874902916402 0.00376276801997593
-0.00577775846669712 -0.00490858632753039 -0.005067179605526147 0.004020370549731113 0.003189427342763359 0.003210047643402573
-0.006453953330278972 -0.005829711418448968 -0.006349477457280807 0.00918845354484187 0.008509778167887727 0.00963436815550172
-0.007419954377667266 -0.006654296326669982 -0.007225375276957074 0.01000996629372128 0.009169759335090299 0.01028037112921174
-0.006199243453378817 -0.005561420019953329 -0.006019071111753579 0.008381534151630045 0.007600883684804625 0.008491480744475231
-0.007508129679152543 -0.006827501031164672 -0.007482080945943329 0.01122765939442714 0.0103539915314187 0.0116865262321345
0.0028931026083308 0.002780382017716224 0.003262419563888379 -0.008039262358025564 -0.007614640453516802 -0.00881533957002072
-0.004640503252383098 -0.002769359237753592 -0.001898653614162814 -0.0111170555218806 -0.01170007141037136 -0.01443408092887219
-0.004541046891961247 -0.002838136462568047 -0.002085808311082987 -0.00969033088350299 -0.01023361786605055 -0.01263831462653233
0.0004498506655556711 0.001093601193272995 0.001784188637656866 -0.01063368962597708 -0.0104355413043813 -0.01228786330732661
-0.0003997986708230737 0.000363151643615013 0.001010788561731571 -0.009696547058461043 -0.009575295248397481 -0.01135102676209588
-0.0001748093928550594 0.0004311959238063155 0.001000058640260509 -0.008793396687947748 -0.008530058843070227 -0.009970527526930157
-0.00413637892462339 -0.002743455113824394 -0.002169737106558627 -0.007614112460114209 -0.007828620208901965 -0.009516309001382466
-0.005228516919331257 -0.004268533764452987 -0.004272968965395527 0.0001928250909139368 3.315115223235805e-05 -7.781445270804028e-05
-0.004998828317016203 -0.004312550789293143 -0.004503552576811802 0.002690316334792643 0.002629993622355443 0.003067444043418943
-0.002232666871498735 -0.002619053864669758 -0.003337390970892332 0.01022930583932377 0.01036110084683001 0.0124908074774711
0.002391222449088069 0.00081585112711348 -0.0001413490665887646 0.01195120287818239 0.01273454108291751 0.01581262807327754
0.005953695003720361 0.003784073859533354 0.002931114109765901 0.009620856660073339 0.01081928209730207 0.01387000967760535
0.001014261511696238 0.001395015829722574 0.00195567877450154 -0.00914575084006505 -0.008817578054626258 -0.01029714239655599
0.002073296273136857 0.002260689410258909 0.002846123795089185 -0.01017008748571207 -0.009611172446284044 -0.01100896294130497
0.001768524903702568 0.002077243456009561 0.002725671038182889 -0.01092053167073245 -0.01038432844345998 -0.01194412285556071
0.00144054801094874 0.001483192053468623 0.001843530012788209 -0.006769719696075977 -0.006158652213561632 -0.006884375692265808
-0.00534428459173391 -0.004183591299508948 -0.004011914965307256 -0.002109629946063742 -0.002282276540955324 -0.002869432691532656
-0.007541594587168707 -0.006030007821232529 -0.005976249885850123 0.0004476637892494232 -0.0001465634062586988 -0.0006643810868531452
0.002784824676689258 0.002498540700742488 0.002791594392788658 -0.00650456739246221 -0.005722134431511833 -0.006153411215721678
-0.006086520842420872 -0.00514775829126292 -0.005330392794217899 0.003322141185429176 0.002994475030440152 0.00327286973261697
-0.004020325938330514 -0.00375262743273664 -0.004217509245603444 0.00736044726490393 0.007211317121179397 0.008539891452040911
-0.001218964952957947 -0.001734292585278875 -0.002407690016225613 0.009299861489790106 0.009542515742345561 0.01163221097197156
0.001825683959326839 0.001862574143023663 0.002260086570447637 -0.00706863213564766 -0.00663953476811287 -0.007662896681209485
0.00546895051139562 0.004776393659147035 0.005174764890153105 -0.008539051745357309 -0.00750985729155578 -0.008193613247092186
0.004954554974575259 0.004301258259664538 0.004656196340723606 -0.007845765391823687 -0.006812457602557089 -0.007342533241701131
0.004143866113892962 0.00346968913425148 0.00368115400869126 -0.005717350526179734 -0.004712678266556315 -0.004871651750510715
0.004102032144687648 0.003266940344448947 0.003333077878149819 -0.00383296038408116 -0.002719767015505661 -0.002409255845070768
0.002838270053910913 0.002322916445462555 0.002445102711006502 -0.004401728977563624 -0.003480847842118843 -0.003418293269227379
-0.002011836434011037 -0.001849612185863467 -0.001989071942655786 0.0007426315270986247 0.001062767133528354 0.001465040162160755
-0.0006533885846723051 -0.0007884772496424894 -0.000953750776962569 0.0007287834684004689 0.001203905790374163 0.001765525428664265
-0.003794221657044287 -0.003370512172536539 -0.003574417090807796 0.002550947931646402 0.002670715570495275 0.003237506366998076
-0.004717959107489844 -0.004117956337899106 -0.004413654353334216 0.005406424644789215 0.005079909125595153 0.005885837981840389
-0.002133742900678348 -0.002025276299742793 -0.002313274550444949 0.004514457820537577 0.00451985233772096 0.005484918520487788
0.004482183525457844 0.002842855253104158 0.002176878072903049 0.007561862020004109 0.008543949264539998 0.01099633830197192
0.00173028876539673 0.002038934619033734 0.002652544054862392 -0.01027452867303682 -0.009885422813681996 -0.01153063396017558
0.003485705356847629 0.003183815598232217 0.003580185438468159 -0.007900575188646066 -0.007190034207647942 -0.008060368566217748
0.005060256359305641 0.004179180864655709 0.004362364019527937 -0.005899871620502491 -0.004771958117435264 -0.004840760671061089
0.007913771445174109 0.006325619094560143 0.006388830046949848 -0.005103011770098066 -0.003535412856129016 -0.003025311031169473
0.004928930411283894 0.003585827844062488 0.003342863336647656 -7.230915281885341e-05 0.001197172903282378 0.002343911731235721
0.003564565353783714 0.002597802400532048 0.002445186221813054 -0.0007383138071900134 0.000299263264053175 0.001116388166700308
0.002785778777916593 0.001822479586844754 0.00153615525412066 0.0009268197406670875 0.001961835747567153 0.003109775175884547
0.0002122919820293912 -0.0004201396715667514 -0.0008553958449604668 0.004100561459695085 0.004821736295645206 0.006262030117450413
-0.001775991088354065 -0.001658241779243423 -0.00180510250047905 0.0006824323797888005 0.0009306605808838742 0.001254889428342683
-0.001815183594008504 -0.001516060164266616 -0.001473684995241477 -0.001217525019659818 -0.0008607915721005807 -0.000804869339291516
-0.003142386327937016 -0.003004253773107022 -0.003399670080514901 0.006532964864759039 0.006504390592601416 0.007789435626531397
-0.002346977530681682 -0.002462478007846314 -0.00296190293812503 0.007519800663355303 0.007604979546707858 0.009202010445825722
-0.002319882942447763 -0.002397465731772599 -0.002866373603590703 0.006938118337861337 0.007002718631915378 0.008468755651000994
-0.001430031644835761 -0.001492011115750126 -0.001804497173100917 0.004596224135911747 0.004751560640812189 0.005855454208827708
0.002530497112207123 0.00137894471087893 0.0007848179486258727 0.007129795006331098 0.00783289126002271 0.009923035587324363
0.005758360013871029 0.003633758906757904 0.002770718911237936 0.009818476976204938 0.01105121665321042 0.01416021749002561
-0.003064920048814568 -0.001582478185917511 -0.0008121247864919384 -0.01047927468268038 -0.01097398256642005 -0.01355556676599006
-0.0003701880782123716 -0.0001349497275186742 6.764778000978243e-05 -0.004474995329743011 -0.004157689583722748 -0.004763562952870616
0.003784203339009333 0.002938750066388965 0.002936292336687394 -0.003025394555718158 -0.00201122067529116 -0.001676850103097754
0.005609820787466213 0.004240615338080772 0.004093053679782289 -0.001657116197665752 -0.0003358518016246639 0.0005886632703001973
0.00493190605319588 0.003762733720162139 0.003687122203611901 -0.002449249110202213 -0.001198000103055281 -0.0005218911140582785
0.004068353215546356 0.00266392474921882 0.002230196223728747 0.002702933563082708 0.003933742403129241 0.005570056104548915
0.002457348767637987 0.001625898725844239 0.001409725958457947 0.0001752463008546517 0.001109883383157017 0.001974566718180406
0.003395026919522349 0.002199365300064261 0.001824843613055866 0.002032630811586377 0.003168207122206593 0.004609210228596152
0.0004253282911434052 3.585830163893825e-05 -0.0001391020453112623 0.0006055625467420911 0.001309199852903138 0.002025802657136859
-0.0003352069264227829 -0.0003610371036462602 -0.0003492517230967437 -0.001487218581320711 -0.0009756630697203003 -0.0008243360588308811
0.003856056276144667 0.003194717467181773 0.003367191309740439 -0.004424205871052854 -0.003488195139246543 -0.00349784084713411
-0.002545088187379177 -0.002525716534825009 -0.00292120025173243 0.006275586469210117 0.006343635368587697 0.007738193906912298
-0.003506463785660953 -0.003170191095619247 -0.003479841463571709 0.005332763753844913 0.005235104281254297 0.006228997489070283
-0.002816083844010551 -0.002663938955258761 -0.003011969347304725 0.005627186021592097 0.005615175367722537 0.00677863626415227
-0.003275763635741587 -0.003062967047729819 -0.003447246407971097 0.006190369011532358 0.006118519919294885 0.007296915969107067
-0.001775990748705155 -0.00179899399849623 -0.002125072105849075 0.004889235347897094 0.005026599116240008 0.006228217280094351
-0.001792434057692807 -0.001832336547401704 -0.00219914753048831 0.00548483903986167 0.005615685442750018 0.006849705036625454
0.001966323260141322 0.001143588277440211 0.0007580313515410667 0.004610668903320483 0.005276757842624774 0.006896766314104429
0.00182723327141428 0.000792340867928157 0.000187022256165053 0.007500372963910262 0.008173230139288411 0.01030527324101184
0.004653340679240841 0.003080782092818877 0.00249727227413602 0.006439009268950664 0.007475747279862293 0.009766289801002302
0.008747386500384181 0.006089412075834915 0.005280650546356514 0.008316518258953529 0.009919619844603576 0.01310165286842694
-0.001799496758366581 -0.0006884007297532948 -3.892647233411683e-05 -0.009389008892031772 -0.009646901124569555 -0.01179055519290242
-0.004096522071919058 -0.002701902809260959 -0.002161709428703947 -0.007306018098342995 -0.007757133485929078 -0.009689116269568008
-0.001327511591189353 -0.000994329864010247 -0.000857003593966909 -0.003277492974084277 -0.003061142416754771 -0.003543473607093926
-0.0008742035761193848 -0.0009014537225597389 -0.001018545482362952 -9.775973422427202e-05 0.0003513272286158393 0.0006765097467876264
0.004256093704747721 0.003156202445694397 0.003029211918171284 -0.001743813393207094 -0.0005902807505978945 0.0001475243629327735
0.002793007674278419 0.001674666389156701 0.001267713863159717 0.002625140521131169 0.003770735792108548 0.005295659611038619
0.003069822484872473 0.001854240479589154 0.00142719470085696 0.00310353384987184 0.004171456758030264 0.005705128323376845
0.003724619899515947 0.002537250287729793 0.002227554742731771 0.0008580964086047569 0.002061539577584491 0.003315935262691346
-0.0005878527860565663 -0.0009666725358000547 -0.001283895139598209 0.002709705671427387 0.003302415214587929 0.004288098357959605
0.001232544888021906 0.001090069599307862 0.001260897777637817 -0.004508022743852727 -0.003790741094101619 -0.004023325702648371
0.0009621019356983244 0.0009611773269886546 0.001238091682390698 -0.005190608615945606 -0.004596650974862141 -0.005094989553706616
-0.0009044688383829489 -0.001188388907940271 -0.00157733445652114 0.005706543401400282 0.006062231369469546 0.00762121068472958
-0.003822087252777444 -0.00336607959096591 -0.003629130016501494 0.004812893225420403 0.004696256452364073 0.005635498463318583
-0.003784043417509373 -0.00348925017750618 -0.00385829514074313 0.006180016140547096 0.006126834591419941 0.007361102375989252
-0.000931433403891517 -0.001036151006185181 -0.001299894721654386 0.003865160130104572 0.004182447081585887 0.00536750033434372
-0.001624842029387263 -0.001937979434473969 -0.002479742087766412 0.007805037927235891 0.008053894574675929 0.009867284180370991
0.004904983951746852 0.00338091758456588 0.002868510311075279 0.005401727044096405 0.006491367564799559 0.008661259811856861
0.01022717799380295 0.007135841035893141 0.006194893029676679 0.009560698638737637 0.01150305192283858 0.01528615857136973
-0.00210570141889152 -0.0009906931397857324 -0.0003623529413578152 -0.009019685410805715 -0.00920744822642971 -0.01121012325734388
-0.004646059211346742 -0.003579544093594725 -0.003414854437409444 -0.002495422025224111 -0.002739361244274354 -0.003530335653537541
-0.003491069896343031 -0.003055518797257008 -0.003189171775815567 0.0009719055629693938 0.001125317449662427 0.001367177320968191
-0.0006018799982116661 -0.0007161335153162806 -0.0008525094737152152 -9.722555041955707e-05 0.0004042818052083372 0.0007875715939784558
-0.001546328747178801 -0.001767452555527386 -0.002141533037711727 0.004018066912804133 0.004419260901734509 0.00547620768565288
0.004327121432241625 0.00298649711156542 0.002651345212165545 0.000980705332229524 0.002236577277427341 0.003544762744279834
0.001671797221601626 0.0007951698826095859 0.0004388517352189826 0.002274713056238432 0.003214151792150115 0.004431576860516932
0.003441817062513116 0.002641698823895933 0.002631381686370642 -0.002874606643802042 -0.001817811588574581 -0.001447108633078943
0.005415516826213713 0.004734347852276947 0.005161234925448184 -0.008214846034348352 -0.007192962352891303 -0.007880346067657952
-0.003600708180925417 -0.003136043509639603 -0.003337315738859706 0.004110821867054856 0.00395954281803967 0.004695087770960026
-0.002022406219541157 -0.001950715015570381 -0.002226922984799369 0.004519392790373358 0.004617529428945707 0.005665720257794674
-0.003130843225142082 -0.002767178313740807 -0.002976781749410526 0.003979963862921571 0.003975286442078894 0.004884798098632875
-0.0006734992779226163 -0.001032875186408997 -0.001462000621383505 0.006028321745825494 0.006392425262564956 0.008003996379713501
-0.001124840988600182 -0.001194383485482699 -0.001461636670465702 0.004016683865025498 0.004253147714283856 0.00538520495577858
0.0009752308837981245 0.000322977388553524 -8.44385582403673e-05 0.005199432832465369 0.005821660860478664 0.007523834596297641
0.001300441012502607 0.0007018500251363255 0.0003734152878526617 0.004036780451864603 0.004588654392369919 0.006001683719779545
0.005072151744087929 0.003369776576867818 0.002737136459975931 0.006975116373979069 0.008109123232158807 0.01060697970838709
0.006318908447951133 0.004321080317938088 0.003646973219842378 0.007245670674664039 0.008546935796116864 0.01126704574643615
0.008655123990556349 0.006038643287745213 0.005246438400575505 0.008091840557524703 0.009797431912884682 0.01304487467457743
0.008670429585917192 0.00602737134688416 0.005209849035737475 0.008420637225287126 0.01006984448560484 0.0133185083336101
0.0111851422920672 0.007751317069422782 0.006688388632941539 0.01082285935867587 0.01288230896960783 0.01696279442511386
0.000333089451428922 0.001033984006924063 0.001692390255631877 -0.01043803893544389 -0.01035415270271005 -0.01236085659144185
-0.003588142293108816 -0.002949894529876953 -0.002956594295079015 -0.0007234713438354193 -0.0007361814555805268 -0.000991755417299981
-0.002687744541816788 -0.002378102038346279 -0.002487635998669357 0.0002663448956043814 0.0005098713944067015 0.0006880836035733435
-0.003079149564117701 -0.002430946442902334 -0.002305607457768048 -0.002908444220656389 -0.00275226531589385 -0.003258844305755008
0.0005226169742045968 0.0002033799309532515 0.0001101243289133983 -0.0009410906559052039 -0.0002823416969910489 5.772318789594701e-05
0.00108976606924542 0.001009570110248981 0.001218835711481381 -0.005251010853108167 -0.004591595870761918 -0.005074135983510648
-0.0009742555067843208 -0.0005168730622703445 -0.0002033283304940336 -0.005362941376447316 -0.005137339749762884 -0.006078322391540738
0.00286636728081889 0.002835579055180633 0.00336491948773871 -0.009078180188902196 -0.008423467835394674 -0.009630639961985696
0.003033073865248569 0.003059987140443463 0.003672698339054023 -0.01005073248974276 -0.009459772843238389 -0.01092528980847212
-0.0005183542957318769 -0.0007519354960433681 -0.001005927459864838 0.003917237316564222 0.004314256982842942 0.00556129642190257
-0.004324680494279803 -0.00371787269823327 -0.003919443489471119 0.004190933497797594 0.004005133960450757 0.004763628046706091
-0.0001736395228391448 -0.0005761001838135677 -0.0009404228639002772 0.005180449719825678 0.005580863977873657 0.007074241666190822
-0.004040155819492784 -0.00333542881461452 -0.003418469744708377 0.002425936379418538 0.00226237112733245 0.0026894615770709
-0.002271501657004546 -0.001832280640855931 -0.001858714050743875 0.001128373561857237 0.001196618366202392 0.001613016050611908
0.002655863265001265 0.0017575933030393 0.001402450346822637 0.004120375157263829 0.004848553915245457 0.006423289653359689
0.004068973276482738 0.00281971670846735 0.002399031449044446 0.004416549535329269 0.005428063185903107 0.007374686705160901
0.005436792198654916 0.003644961742603154 0.003002223554534846 0.007098456579409931 0.008287838824341165 0.01085428035433277
0.006961620476456363 0.004841099380589833 0.004174875976270187 0.006809339894091358 0.008271298098500178 0.01106968301509468
0.009148605135847374 0.006367180471999348 0.005518246666011683 0.008594709275739089 0.01043805771030941 0.01392903548964655
0.003885091983555523 0.003528078949911612 0.003895157604449286 -0.00745135812798727 -0.006740786740273545 -0.00759432250522039
0.0003319407919163822 0.0003185607039860223 0.0004011622072417708 -0.003125958478119369 -0.002647174214581666 -0.002899612338470174
-0.004358228534155031 -0.003160402554608244 -0.002837697472240905 -0.004853477395498722 -0.005098470011635341 -0.006357344862029399
-0.005408020729493168 -0.004201725217088182 -0.004038457665712641 -0.002152168169242222 -0.002506917645506363 -0.003377334898361941
-0.001995295180107116 -0.001786888890250739 -0.001859599487296491 -0.0003620748204584802 -2.781106977097146e-05 7.545327442452879e-05
-0.001855816076695404 -0.001281866993811446 -0.00103247266465325 -0.004661597255982233 -0.004442373549125992 -0.005247547015014271
0.000497352483371614 0.0007594944129049899 0.001157895662146466 -0.007150545157018678 -0.006720670181989593 -0.007806698768493749
-0.0001956755065869865 0.00056251179502476 0.001242249682331041 -0.01020973501030401 -0.01005435509291034 -0.0119796634651383
0.003145123118520688 0.003182625387430192 0.003820667280847465 -0.01053193842159321 -0.009921929858200316 -0.01147224800332699
0.003280350338784946 0.001827827346290819 0.001165458296758979 0.008250690680162254 0.009248977509464454 0.01187439093580677
0.00041728235168317 -4.51811800554024e-05 -0.0003470341020559988 0.004247313356430077 0.00470241991449318 0.006078596655047573
0.0002872161527235263 -0.0001892936450447029 -0.0005393270670337369 0.004922143053954464 0.00538027140643635 0.006852940919706057
-0.002376842921605339 -0.001968818294824798 -0.002010268842984947 0.001502208491333892 0.001509887446652321 0.001942817552570206
-0.00335918755004464 -0.002875926919947998 -0.003024084818815427 0.003249492701452821 0.003203592904230997 0.003887965092786444
-0.001347269746200803 -0.0009306384322673051 -0.0008136165347989026 -0.000953842178620182 -0.0008770363039834231 -0.0008453135372455291
-0.001519158548583393 -0.001639547546728028 -0.002009409975654989 0.005464831675258181 0.005750388880871818 0.007211195767764738
-0.001029100917998771 -0.0007277637663961899 -0.0006812779283458816 -0.0002084739075792481 -7.09571831654157e-05 0.0001575548685033151
0.00283843087604931 0.001731571753080242 0.001233075152057953 0.005901652496903708 0.006801851429687505 0.00890853443238957
0.005537523319545799 0.004832290063228453 0.005172646159439946 -0.007724980435549259 -0.006769078068729118 -0.00743173544045678
0.003597339568047725 0.003231420677934359 0.003546704955326914 -0.006984688088568665 -0.006182346355760314 -0.006862110030246248
-0.0002460605959609603 0.0001762412491361076 0.0005219070489161479 -0.006321509257723001 -0.006101164291783674 -0.007213055332182099
-0.0008858136804476604 -0.0002676323959803772 0.0001510954194000375 -0.007441277007200173 -0.007219606916856378 -0.008535958117252164
-0.002206990073750909 -0.001332584849409776 -0.0009123734211051687 -0.006852218659432236 -0.006835204657054638 -0.00823377528598191
-0.002519197255341196 -0.00157040087068482 -0.001123273431862896 -0.007217264968938995 -0.007192039815705468 -0.008667300823445974
-0.000917889337500848 -0.0001530035720247915 0.000407324089638512 -0.008824026868407928 -0.008661316429170654 -0.01033073265334105
0.000167382657058042 0.000933398459514518 0.001671477054351513 -0.01109902179668153 -0.01096680501094051 -0.01307590460486492
0.002487081895875879 0.001397878495838085 0.0009041821713024447 0.006207939558088877 0.006986789697220106 0.008994987538635809
-0.0009499242278690733 -0.001111046493286656 -0.001387330297032487 0.004312467259060671 0.004621527271768222 0.005885549630711031
-0.0002262183841615796 -0.0006524314389210639 -0.001035485067507194 0.005491332942833428 0.005941135505486075 0.007561673392796927
-0.001570011645423555 -0.001394822968268922 -0.001512005071431776 0.00226360482533601 0.002439075107094504 0.003184427260420705
0.0006102520891633373 0.0003311519142836159 0.0001923202758366861 0.001855140315270315 0.002306961004689351 0.003241553539037601
-0.001065276261056007 -0.0009931819923841079 -0.001124695557986182 0.00217071912987016 0.002454282771086468 0.003310140093470874
0.0008758045735264091 0.0004772735342078943 0.0002578024154979403 0.002764066830275358 0.003296438524143352 0.004474381213844082
0.005647834049323181 0.004280957701645547 0.004022376487408424 0.001876578536056687 0.003033322358636282 0.004615242806862318
0.005359736732962661 0.00446110932030908 0.00462001416377343 -0.005662334373639736 -0.004564640723794997 -0.004718822464419274
0.001675450358859835 0.001961230861544085 0.002516927138520536 -0.00957922141123989 -0.009120581014405386 -0.01060587588768258
0.001815535313579454 0.001637434069895259 0.001837126232707376 -0.004978080311461035 -0.004341670667777183 -0.004828988149807331
-0.0024677423729812 -0.001373791010431632 -0.0008149660295134275 -0.008132656158638518 -0.008250107896061044 -0.01004462428674456
0.00297351155081285 0.003382395193557605 0.004281074302358799 -0.01418370510437508 -0.0137359325433222 -0.01615248822402848
0.004498925823332296 0.003266210942790743 0.002982734088085671 0.00278410243372396 0.003807329618232677 0.005463319983356424
-0.0004651218890978414 -0.0007179620911990596 -0.001016556018984809 0.004385831074164857 0.004699571977142359 0.00596749970401017
0.0008120101814186005 0.0005511906069289328 0.0004550152533804759 0.001233093189149848 0.001691188422141701 0.002527666601611061
-0.00187984894115933 -0.001552332078719226 -0.001617779313012106 0.001602313301326599 0.001659754288851345 0.002136478172492763
0.002692415735433654 0.002351099886785045 0.002476761290097824 -0.002351070974848801 -0.001772813421033902 -0.001508330440109136
0.001071309058125824 0.0007129729254820162 0.0005258763669775201 0.002229703138778755 0.002702672179279705 0.003718675489150795
0.003710643516198883 0.003134167277495051 0.003214052924411897 -0.0020541940267008 -0.001305912253616689 -0.0008575517273456389
0.007740729837705304 0.006606658886011951 0.006955320482287137 -0.008514986502269218 -0.00721743129484157 -0.007697771243173673
0.003392711724680799 0.003190165079472914 0.003611365774308868 -0.008274775292792596 -0.007569084308353303 -0.00858764007881393
0.002446599003235743 0.002658193862099317 0.003280604865727596 -0.01035595218979986 -0.009871440929097874 -0.01150038496057357
0.0004455233898826372 0.0009680216768417796 0.001524837676837678 -0.008942979669467058 -0.008703249846388527 -0.01030833710859408
0.007271779233573243 0.005163207489918159 0.004589230080343072 0.005818169615523367 0.00726615555714664 0.009878881292372107
0.003814619422447706 0.002596510487826353 0.002211701403134735 0.004295657096285975 0.005245960503570323 0.007102824500796424
0.004339600858260516 0.003228059240615733 0.003000268837521634 0.002038559623054696 0.002995512229896206 0.004449899948294314
0.002590805795582274 0.001965051258720309 0.001855265053563372 0.0008640613141951858 0.001551458110011994 0.002550597045932921
0.001276568935413349 0.001074074915508343 0.001084015242902759 -0.0003092355622564739 0.0001380051367951002 0.0006452298097735203
0.001486100963845746 0.001216697377085816 0.001200887027305654 -0.00011289399631014 0.0003809783191073408 0.001011867097912043
0.003883842272330356 0.003276223231360112 0.003350683651639796 -0.002021351896846241 -0.001289857285117218 -0.0008392781484738905
0.004082459826542153 0.003381034264813528 0.003416621918448379 -0.001570625330614077 -0.0007240274122321804 -6.450816437041715e-05
0.007252851900160217 0.005694661436858863 0.005513172477395479 0.0003406249904703055 0.001662356580333014 0.003157821525485318
0.01045355784493565 0.008182389581276617 0.007941462640867881 0.0001822175988230603 0.00188535477699942 0.003655850947890205
0.006243486920294028 0.005597063691411282 0.006116913787492464 -0.01009366458857149 -0.009065926569116738 -0.0101112367604246
0.004954277253916262 0.004831316595914991 0.005591126674526849 -0.01278775725720712 -0.0120302316019049 -0.01384059302975298
0.00412064487087792 0.004403900135455109 0.005368273726773748 -0.01542037649863888 -0.01488236339170494 -0.01740998625185558
0.007744548311312605 0.005766844747109028 0.005376855291886083 0.003228135689122516 0.004644811942687489 0.006736646783688871
0.005522206613942079 0.004030036162124525 0.003675002906497319 0.00331999221339425 0.004400902986380692 0.006192744926389214
0.001815612116079199 0.001400480848388862 0.001319557124136377 0.0007811278814815356 0.001274848058140019 0.002005631632531282
0.005418533733085579 0.00423336753974749 0.00409085115657847 0.0004846532364036655 0.001528211834923992 0.002791498794924208
0.002829081178157982 0.002441344138780761 0.002531067721911192 -0.001881194852976244 -0.001308399830409933 -0.0009689803794246846
0.004846426201269989 0.00407112872128196 0.004159407163181557 -0.002478265254300344 -0.001655835042179362 -0.001219667121200731
0.011130813398457 0.009223291352346064 0.009451665994224635 -0.007523377397937856 -0.005729198418278377 -0.005542895309651409
0.008654679816202271 0.007433335241491145 0.007838018735702166 -0.009284618134290835 -0.007907351315720592 -0.008458263985849352
0.006971864056229032 0.005233666836340211 0.00492242064314826 0.002465079353680217 0.003751562502228779 0.005568328764440162
0.005612049854544549 0.003993533855793559 0.003544162858445205 0.004512662574626892 0.00565968512199453 0.007739535573461397
0.006716372915203083 0.00525757676983717 0.005117577822644547 0.0001826971402776261 0.001351009395664592 0.002656733308608697
0.005073395101426251 0.003878731572070151 0.003673422211385908 0.001414280508045181 0.002414396173307213 0.003796824813369911
0.008076512536917022 0.006494101623186917 0.006446129328289701 -0.001585344480289996 -0.000270709134600238 0.0008675936724580992
0.005752313973528554 0.004719731998802294 0.004747891346636691 -0.002005307376001158 -0.0009735218002898735 -0.0001961175541048976
0.005901828020670272 0.004925889190267066 0.005031280743019307 -0.003049116726906951 -0.0020652334621932 -0.001595742274444039
0.009264616756600457 0.007889233223009088 0.008272069680048184 -0.009113335538197454 -0.007622307235391456 -0.008026051283547284
0.007936606584075535 0.005816572366188727 0.005339763092643924 0.004382478906023784 0.005864592614713207 0.008226073228225921
0.006955197595463198 0.005124775013601784 0.004735082295983691 0.003467975123235841 0.004745607263713044 0.006732167160165046
0.005315172833862607 0.00393539985121317 0.003626577691215454 0.0028424246993172 0.003900971221193483 0.005574201839860215
0.00648358377567627 0.004842666296809128 0.004509418540479495 0.002766258573056226 0.003940521417067541 0.005728426533103525
0.004839226401578311 0.003861472745027317 0.003790968907681852 -0.0002715214494688367 0.0006373572030548109 0.001599913961117972
0.006336678942135932 0.005241920887887323 0.005328280692682041 -0.002871099097939397 -0.001869659727384672 -0.001309124574124964
0.002781987267139823 0.002663325168503763 0.002969163647047012 -0.004694222310009847 -0.004250235310494592 -0.004629988197481373
0.006071162831221093 0.005351887887103686 0.005697128148918615 -0.006171179100738737 -0.005281054942367069 -0.005512915497742765
0.01496996163605525 0.01250800249187583 0.01289522649779186 -0.01000162250194613 -0.007979224491015659 -0.007952849006869945
0.006526687610306227 0.004735100377289376 0.004290943092564159 0.004290393182659734 0.005501578457325195 0.007575454250514993
0.006129954676973618 0.00460740509207984 0.004316032453665461 0.002466846384862415 0.003547370776232144 0.005170728059632694
0.005559933872215073 0.004444968927446953 0.004389972704430657 -0.0006679122185470817 0.000236357744006142 0.001075652923963054
0.01766952975746565 0.0140386709740343 0.01388193480648374 -0.003020754868734169 -0.0004988351926089469 0.001390003580843832
0.0114519357194854 0.009578176152715471 0.009883296413391602 -0.007889247764719472 -0.006228797475992896 -0.006184320148289249
0.008882067331181106 0.006563046958112073 0.006074263770895423 0.004292227849845161 0.005834467789297853 0.008221869325163941
0.006497836828620987 0.0053109486065617 0.005358254260462676 -0.002232981857558138 -0.001213649351626885 -0.0005454519451790233
0.004836890837815003 0.003709762847615627 0.003524791873042014 0.001342347350381358 0.002240583902878869 0.003446029480670313
0.01350304341240053 0.01093982388022531 0.01099170112338194 -0.005235276207910295 -0.003141009144491558 -0.002169304350511792
0.01110556138619918 0.01039441602057445 0.01169009784176039 -0.02120596518372666 -0.01986557583800049 -0.02267552569319964
0.003334586824639433 0.002513229145525164 0.002346388715197842 0.001494325885355057 0.002258004582540448 0.003368832116371808
0.01125937212901194 0.00929057262067451 0.009474944980319222 -0.006125037389845712 -0.004458330890876475 -0.004040736404262239
0.01115317488908698 0.009328172190809355 0.009627431580764814 -0.007747667869299611 -0.006030142055997084 -0.005884547791367517
0.00354186261129822 0.002427801811174914 0.002062267670703307 0.004176144353310563 0.005038246280834114 0.006737984817275513
0.003547025617424416 0.00264146658863531 0.002461422336148775 0.001649140215736528 0.002540012361109211 0.003789374080690478
0.008081991513016485 0.006878195943925156 0.00722440985417994 -0.007367084351415705 -0.005960598250407519 -0.006027278738790833
