26 63
26 64
26 66
26 70
27 57
27 60
27 61
27 62
27 63
27 65
27 67
27 69
28 56
28 60
28 62
28 64
28 73
29 57
31 67
31 68
32 62
32 63
32 64
32 67
33 61
33 66
33 67
33 69
33 70
36 40
36 41
36 42
36 43
37 36
37 37
37 38
37 40
37 42
37 43
37 44
38 35
38 37
38 38
38 39
38 42
38 43
39 37
39 38
39 39
39 40
39 41
39 44
39 45
40 35
40 37
40 38
40 39
40 40
40 41
40 42
40 43
40 45
41 33
41 36
41 37
41 38
41 39
41 40
41 41
41 42
41 43
41 45
41 76
42 36
42 37
42 38
42 39
42 40
42 41
42 42
42 43
42 44
42 76
42 79
43 36
43 37
43 38
43 39
43 40
43 41
43 42
43 43
43 44
43 45
43 80
44 31
44 33
44 34
44 35
44 36
44 37
44 38
44 39
44 40
44 41
44 42
44 43
44 44
44 45
44 46
45 34
45 35
45 37
45 38
45 39
45 40
45 41
45 42
45 43
45 44
45 45
45 75
46 34
46 35
46 36
46 37
46 38
46 39
46 40
46 41
46 42
46 43
46 44
46 45
46 46
46 70
46 74
47 33
47 34
47 35
47 36
47 37
47 38
47 39
47 40
47 41
47 42
47 43
47 44
47 45
47 46
47 69
47 70
47 71
48 33
48 34
48 35
48 36
48 37
48 38
48 39
48 40
48 41
48 42
48 43
48 44
48 45
48 46
48 47
48 69
48 70
48 74
49 33
49 34
49 36
49 37
49 38
49 39
49 40
49 41
49 42
49 43
49 44
49 45
49 46
49 69
49 70
49 74
50 32
50 33
50 34
50 35
50 36
50 37
50 38
50 39
50 40
50 41
50 42
50 43
50 44
50 45
50 46
50 47
50 48
50 70
50 74
51 33
51 34
51 35
51 36
51 37
51 38
51 39
51 40
51 41
51 42
51 43
51 44
51 45
51 46
51 47
51 70
51 73
51 74
52 33
52 35
52 36
52 37
52 38
52 39
52 40
52 41
52 42
52 43
52 44
52 45
52 46
52 47
52 48
52 72
52 73
52 74
53 32
53 34
53 35
53 36
53 37
53 38
53 39
53 40
53 41
53 42
53 43
53 44
53 45
53 46
53 47
53 48
53 56
53 57
53 73
53 74
54 35
54 36
54 37
54 38
54 39
54 40
54 41
54 42
54 43
54 44
54 45
54 46
54 47
54 48
54 70
54 72
54 74
55 35
55 36
55 38
55 39
55 40
55 41
55 42
55 43
55 44
55 45
55 46
55 47
55 48
56 36
56 37
56 38
56 39
56 40
56 41
56 42
56 43
56 44
56 45
56 46
56 47
56 48
56 49
56 66
57 37
57 38
57 39
57 40
57 41
57 42
57 43
57 44
57 45
57 46
57 47
57 48
57 49
57 50
57 51
57 66
58 38
58 39
58 40
58 41
58 42
58 43
58 44
58 45
58 46
58 47
58 48
58 49
58 50
58 53
58 54
58 55
58 58
58 61
59 38
59 39
59 40
59 41
59 42
59 43
59 44
59 45
59 46
59 47
59 48
59 49
59 52
59 54
59 55
59 56
59 57
59 58
59 59
60 40
60 41
60 42
60 43
60 44
60 45
60 46
60 47
60 48
60 49
60 50
60 51
60 52
60 53
60 54
60 55
60 56
60 57
60 58
61 42
61 43
61 45
61 46
61 47
61 48
61 49
61 51
61 52
61 54
61 55
61 56
61 57
62 43
62 45
62 56
63 45
65 100
66 92
66 96
67 94
67 97
69 97
70 90
71 85
73 90
73 97
76 74
77 84
78 90
79 80
79 87
80 99
84 86
85 85
86 74
86 104
87 73
87 84
87 97
88 96
90 96
90 100
90 104
90 105
90 111
91 93
91 107
92 64
92 84
92 92
92 110
92 111
93 86
93 103
93 109
94 82
94 95
94 99
94 107
95 84
95 99
95 107
95 109
95 110
95 111
95 112
96 70
96 74
96 93
96 97
96 105
96 109
96 110
97 89
97 101
97 103
97 104
97 107
97 108
97 109
97 111
98 72
98 97
98 102
98 103
98 107
98 108
98 109
98 110
98 111
99 88
99 99
99 109
99 110
100 106
100 110
100 112
101 76
101 102
101 105
101 107
101 110
101 111
101 112
102 94
102 97
102 101
102 102
102 107
102 108
102 111
102 112
103 97
103 101
103 104
103 105
103 106
103 107
103 108
103 109
103 111
103 112
104 61
104 69
104 83
104 95
104 104
104 105
104 106
104 107
104 109
104 110
104 111
104 112
105 90
105 101
105 103
105 104
105 105
105 107
105 108
105 109
105 110
105 111
105 112
106 100
106 101
106 102
106 104
106 105
106 106
106 107
106 108
106 109
106 110
106 111
106 112
107 98
107 99
107 101
107 103
107 106
107 107
107 108
107 109
107 110
107 111
107 112
108 90
108 95
108 99
108 101
108 102
108 105
108 108
108 112
109 90
109 98
109 99
109 101
109 104
109 106
109 107
109 108
109 109
109 110
109 111
109 112
110 10
110 63
110 93
110 97
110 101
110 105
110 106
110 107
110 108
110 109
110 110
110 111
110 112
111 16
111 68
111 75
111 84
111 96
111 99
111 103
111 104
111 105
111 107
111 108
111 110
111 111
111 112
112 1
112 24
112 93
112 100
112 104
112 106
112 107
112 108
112 109
