-5.345234142466263e-05 0.0006485359305361282 -0.000204562838862212 4.296123931815974e-05 0.0001412063069111355 -0.0001415396765885756
-0.0003309294321813879 0.0019384214238021 -0.000676049142526714 0.0001791722943048645 0.0004032432744408649 -0.0004708522582388204
0 0.0001125505517702569 -3.22269759732532e-05 0 2.55184022961363e-05 -2.213355979076688e-05
-0.008629227503449638 0.0208550493596599 -0.009263158431767135 0.00351692781668583 0.003720102113684178 -0.006544690902658609
-0.00081295847549538 0.0277454690915606 -0.008209724844947438 0.001415789333938187 0.006191908383393895 -0.0056551993761064
-0.001721477610534403 0.01220444172896087 -0.004113372018422801 0.001013323130451463 0.002583996563231001 -0.002858065871513505
-0.001396047818279204 0.009088694163003062 -0.003111898826119637 0.0007952128637849252 0.001906563996663501 -0.002164993092365673
-0.001479084160799166 0.008305923633444566 -0.002916760734677887 0.0007831671788683426 0.001722535620067955 -0.002032226922816902
-0.001195653821273402 0.007630297490465964 -0.0026226679938617 0.000676226825638078 0.001596735523589023 -0.001825244951487275
-0.004771946792837031 0.02190247487320408 -0.008051982159594883 0.002358793289865492 0.004421880499510481 -0.005628566354200307
-7.892615260744625e-05 0.0004618508987368626 -0.0001614032480152475 4.30383338402035e-05 9.586602719107694e-05 -0.0001124608057851905
-0.009564367606865156 0.02732381855630118 -0.01144897762657078 0.004055480923685838 0.005092767183568468 -0.008063233193062191
4.41987594049675e-05 0.001014032304396947 -0.0002698136859694983 2.73022298584652e-05 0.0002361786704868634 -0.0001841298057140219
0 0.0004057490047479263 -0.0001120054174832239 1.427011488704726e-05 9.308840660799284e-05 -7.671717174096692e-05
-0.002530357279736299 0.01403670063511456 -0.004942897699264627 0.001336291249665589 0.002904227966309212 -0.003445008791399576
0 0.0002545200777181563 -7.358863093888053e-05 1.156034907180812e-05 5.744891659519339e-05 -5.058606174911319e-05
-0.001296306644595431 0.002675824753697899 -0.001264537863949056 0.0005129006961992306 0.000452376564866998 -0.0008964786306562918
-8.879996141568045e-05 0.002312066235541301 -0.0006880652337215441 0.0001204515274206943 0.0005159749949092427 -0.0004739842254034897
-0.0007361561000938174 0.001871042932861059 -0.0008134973176789092 0.0003015489147435501 0.0003394602460048837 -0.0005741554528142615
-0.0003518014253547771 0.0009565668676259886 -0.0004069252486861763 0.0001471422848401379 0.0001761023491033491 -0.0002869032657122608
-0.00799176899186251 0.04192839794070912 -0.0149785310059891 0.004179455187717439 0.008584554712873917 -0.01045415234268384
-0.001385293943906366 0.005809868892448789 -0.00217519497262151 0.0006553197868057658 0.00116375841712535 -0.001521790511726195
-0.0007138117748710119 0.002425719529630506 -0.0009600970744039553 0.0003149050548629114 0.0004700932724273434 -0.0006739200832757854
-0.0001551190722581454 0.0004305366645540077 -0.0001816991121999149 6.500199065110669e-05 7.982873572229703e-05 -0.0001280407827244165
-0.0004734923375318459 0.002159727412064211 -0.0007910055082712672 0.0002294049109719215 0.0004383570175801383 -0.0005525692840182865
-0.000843409849363651 0.002014831463428603 -0.00089420660643265 0.000338587500687549 0.0003608937346461953 -0.0006316212209280304
-0.002538323303561129 0.004972244870509784 -0.002383818309004695 0.0009763523709478798 0.0008366792797663816 -0.001690202666691914
-0.00923086230033403 0.01375723425604965 -0.007471239523681772 0.003403679813545599 0.002038918596996073 -0.005328362290483035
-5.814955718882411e-05 0.000137512541891584 -6.178655500438426e-05 2.39054711683713e-05 2.412632070831559e-05 -4.372708988367676e-05
1.540419481377994e-05 0 0 0 0 0
1.260489196963131e-05 0 0 0 0 0
2.256135660726537e-05 1.401519456623336e-05 0 0 0 0
1.298694499079413e-05 0 0 0 0 0
1.554259510121054e-05 0 0 0 0 0
1.918950553185007e-05 0 0 0 0 0
1.927937939818994e-05 0 0 0 0 0
1.998107699068932e-05 0 0 0 0 0
1.349124612902933e-05 0 0 0 0 0
1.00917436416624e-05 0 0 0 0 0
1.006726277471822e-05 0 0 0 0 0
1.198492457487615e-05 0 0 0 0 0
1.042603901529731e-05 0 0 0 0 0
1.596512638213865e-05 0 0 0 0 0
1.969000312519322e-05 0 0 0 0 0
1.379509702282333e-05 0 0 0 0 0
1.00239986411799e-05 0 0 0 0 0
1.188840541259209e-05 0 0 0 0 0
2.737739056330096e-05 0 0 0 0 0
1.015900976206989e-05 0 0 0 0 0
1.668188301124139e-05 0 0 0 0 0
2.868859730975543e-05 1.076088650718381e-05 0 0 0 0
1.027168938951519e-05 0 0 0 0 0
3.269450033650868e-05 1.4265337169426e-05 0 0 0 0
1.364614217321262e-05 0 0 0 0 0
2.366779703895687e-05 0 0 0 0 0
1.768495349486027e-05 0 0 0 0 0
3.377315292722456e-05 0 1.03438542907163e-05 0 0 0
1.683510893523522e-05 0 0 0 0 0
2.175265110957619e-05 0 0 0 0 0
3.040601865910661e-05 0 0 0 0 0
1.861880250553841e-05 0 0 0 0 0
1.194615239809231e-05 0 0 0 0 0
2.467961093874846e-05 0 0 0 0 0
1.665265390730873e-05 0 0 0 0 0
2.935237671450286e-05 0 0 0 0 0
2.841694470896615e-05 0 0 0 0 0
1.926558846116523e-05 0 0 0 0 0
2.647495609530382e-05 0 0 0 0 0
1.779177826629736e-05 0 0 0 0 0
1.556996688075391e-05 0 0 0 0 0
1.593645663361632e-05 0 0 0 0 0
1.302604479241882e-05 0 0 0 0 0
-0.02378330513925223 -0.007142380193190034 -0.007307575815915739 0.007171380956229346 -0.00453071826446289 -0.005552356336680974
1.756984041892504e-05 0 0 0 0 0
1.627760368699481e-05 0 0 0 0 0
2.029582552020202e-05 0 0 0 0 0
2.034916610186667e-05 0 0 0 0 0
2.976593272529805e-05 0 1.030222502787579e-05 0 0 0
0.003407369661718573 0.0005861567394559414 0.001133144922100676 -0.001000200449880308 0.0005152436879681756 0.0008486987944755242
2.01554106821158e-05 0 0 0 0 0
0.005098760013631645 0.0005776208876636272 0.001782075283096061 -0.001511586338881654 0.0007054692807718767 0.001329686119863319
1.40978221789389e-05 0 0 0 0 0
-0.02058378285261453 -0.008683514150745563 -0.005634279335230843 0.006124685932504793 -0.004503965942360898 -0.004334518732952285
-0.02386882171933194 -0.00929028143451582 -0.006766644069943231 0.007156676284722292 -0.005067724080694482 -0.005189846496007854
1.655354593544932e-05 0 0 0 0 0
1.348005644405136e-05 0 0 0 0 0
1.983377672437384e-05 0 0 0 0 0
2.941759070865274e-05 0 1.081022427249309e-05 0 0 0
2.772635608617899e-05 0 1.038901983629489e-05 0 0 0
0.001994542011800727 0.0001759512880063437 0.0007076560905959741 -0.0005890470042129341 0.0002613796423389125 0.0005268056545383241
0.002202849610224711 0.0001481340902240497 0.0007968657004112927 -0.0006550131894261732 0.0002800498852275894 0.0005926634807231427
2.239180353419683e-05 0 0 0 0 0
1.559051577333264e-05 0 0 0 0 0
1.729571552343991e-05 0 0 0 0 0
-0.01570219578259779 -0.006934971946992632 -0.004247287510247269 0.004708376694917056 -0.003546191751699182 -0.003278606626007957
3.170798864407239e-05 0 1.125740063527134e-05 0 0 0
1.118364053901062e-05 0 0 0 0 0
1.227462190795036e-05 0 0 0 0 0
1.279117693583755e-05 0 0 0 0 0
2.854941932627301e-05 0 1.059154078730043e-05 0 0 0
1.86927134242827e-05 0 0 0 0 0
3.205830261488797e-05 0 1.166455582265642e-05 0 0 0
3.273376569092785e-05 0 1.220890305095017e-05 0 0 0
2.328016309909692e-05 0 0 0 0 0
3.207963613719553e-05 0 1.193231523592003e-05 0 0 0
0.005319234043637419 0.0001161540137567327 0.001988554120075687 -0.001587060615308849 0.0006181542474885937 0.001474712718576895
0.001456356183710861 0 0.0005524690573016907 -0.0004366024181808298 0.0001643120707061778 0.0004093997191379561
0.01872985293281344 0.0008170222096817195 0.006887085864551437 -0.005574597050738136 0.00227297407670714 0.005114340758041487
1.778340584959955e-05 0 0 0 0 0
1.260656514241942e-05 0 0 0 0 0
1.9069116353043e-05 0 0 0 0 0
1.462184624965053e-05 0 0 0 0 0
2.692475142479544e-05 0 1.018146057167924e-05 0 0 0
2.781435990105749e-05 0 1.074008727652092e-05 0 0 0
3.084233816130412e-05 0 1.189628746272512e-05 0 0 0
2.682626192225694e-05 0 1.050401839311704e-05 0 0 0
0.003232189435180484 -0.0001331308472235904 0.001263191264304517 -0.0009695297379408705 0.0003271209384491302 0.0009333336610088488
0.01326656845166328 0.0001219856272386313 0.00498947778614683 -0.003944840193517503 0.001488754164667561 0.003695889204274642
0.01773929038706303 -0.001013745348922088 0.007029701671950974 -0.005352476120286245 0.001745784172842499 0.005191541574004725
2.681775741082373e-05 0 1.047351179236565e-05 0 0 0
2.252951107505033e-05 0 0 0 0 0
-0.01448330791741534 -0.01114958170885791 -0.002610638514812679 0.0041858582221875 -0.004372505367564712 -0.002131911101216026
1.363530114836347e-05 0 0 0 0 0
1.122420018268702e-05 0 0 0 0 0
2.348390960559685e-05 0 0 0 0 0
2.682793397014078e-05 0 1.046573096728231e-05 0 0 0
3.231935734999293e-05 0 1.255112004599187e-05 0 0 0
3.531502299011519e-05 0 1.369965483936108e-05 -1.059455119682518e-05 0 1.012910707121599e-05
3.978621900224738e-05 0 1.5388091261392e-05 -1.193095479735223e-05 0 1.137994712071933e-05
4.44540090035969e-05 0 1.740984465900347e-05 -1.334983042987186e-05 0 1.28619402307964e-05
0.01063997015351587 -0.001459165648438885 0.004449324017139666 -0.003235761768600716 0.000846874668630379 0.003272484810635778
0.02136007984366243 -0.001978852783186444 0.008678879111516364 -0.006474733624594583 0.001928239440970468 0.006398164322263004
0.02196690021559411 -0.00320278854089928 0.009239726360170812 -0.006689925431308105 0.001707691550201269 0.006793440451347934
0.001617827018209114 -0.0002867794094279932 0.0006932060532898653 -0.0004930145573358758 0.0001130509630835009 0.0005088292061425939
1.816599566048194e-05 0 0 0 0 0
-0.0006672692088036547 -0.0007413591865801694 -5.743746753404549e-05 0.0001853632629054427 -0.0002544398467453985 -5.533343056362103e-05
-0.007291360980189612 -0.005216143271321277 -0.00141786675445736 0.002112692154473929 -0.002102806872818446 -0.001142819620958953
1.314423947732916e-05 0 0 0 0 0
1.17996444450985e-05 0 0 0 0 0
2.823179395394232e-05 0 1.079021651929045e-05 0 0 0
3.270080894002905e-05 0 1.273401098574614e-05 0 0 0
3.047965782889125e-05 0 1.195589154036305e-05 0 0 0
2.527197778757321e-05 0 1.015805988993436e-05 0 0 0
3.176432311136711e-05 0 1.266712430111853e-05 0 0 0
2.696133035297555e-05 0 1.11509122814414e-05 0 0 0
0.00320270986968772 -0.0005401024917167391 0.001365608655389356 -0.0009756869154537614 0.0002304002010856393 0.001002780083647836
1.344284983415868e-05 0 0 0 0 0
0.006553631544043658 -0.001173345047330126 0.002810736431672127 -0.001995844801637153 0.0004532246077252606 0.002062759463612511
0.02090871496843754 -0.003843611039306602 0.009022085910741804 -0.006403117580659153 0.001447141486518556 0.006622716417535099
2.716897852270924e-05 0 1.17295591454728e-05 0 0 0
1.338518534447618e-05 0 0 0 0 0
-0.003921330551657197 -0.003662799081712276 -0.0005220615690473617 0.001103901771677903 -0.001327697151324744 -0.0004499382765579621
-0.002663499663210265 -0.002824717000643206 -0.0002656841721808791 0.0007431167799211495 -0.0009831555490186908 -0.0002455446798585977
-0.01059579558993959 -0.01160609581685655 -0.0009582059595336392 0.002945701025788524 -0.003997005744342391 -0.0009095099853790486
1.402252490739231e-05 0 0 0 0 0
1.509522156936225e-05 0 0 0 0 0
2.801288241771793e-05 0 1.091254544923446e-05 0 0 0
1.763029918903489e-05 0 0 0 0 0
3.601712710404249e-05 0 1.430805185991137e-05 -1.082680071810832e-05 0 1.055646559714344e-05
3.456421527561013e-05 0 1.371641574184602e-05 -1.039631510009397e-05 0 1.012214314600354e-05
3.166196673275063e-05 0 1.291137686477627e-05 0 0 0
4.406284279911594e-05 0 1.769236063498705e-05 -1.327210942105079e-05 0 1.304380547172494e-05
0.005694043170885055 -0.0008572114772209039 0.002388690082123002 -0.001719069364370437 0.0004247598133076105 0.001754467832514407
3.214249147794384e-05 0 1.371607280126234e-05 0 0 1.007434029009592e-05
3.192807866430249e-05 0 1.3645536712679e-05 0 0 1.002117474627332e-05
3.082571214771822e-05 0 1.324081384418132e-05 0 0 0
0.0007229482393375182 -0.0001834166846067672 0.0003249637520482356 -0.0002220785065327103 3.765095835618904e-05 0.0002377317185728313
1.751704643883736e-05 0 0 0 0 0
1.011336447771728e-05 0 0 0 0 0
-0.0008802275291346428 -0.000979882056938851 -7.644964562770489e-05 0.0002458564178732959 -0.0003371095144556611 -7.365472292496303e-05
-0.02177840563797881 -0.02478739063839596 -0.001697001937192797 0.006009948092603377 -0.008424176911986816 -0.00168188714761519
-0.002712212595305046 -0.001983108001447959 -0.0005207486033751446 0.0007904931817140803 -0.0007965155490422557 -0.0004214421370592618
1.083774353513222e-05 0 0 0 0 0
2.041206791260322e-05 0 0 0 0 0
3.181045853124716e-05 0 1.255003468785e-05 0 0 0
3.961421943102481e-05 0 1.576645733062289e-05 -1.191710174139297e-05 0 1.163143717810759e-05
2.932090399771485e-05 0 1.195710572834822e-05 0 0 0
3.773165182771449e-05 0 1.515534259905985e-05 -1.136877422482089e-05 0 1.117355647371251e-05
3.864790035873381e-05 0 1.581787878232638e-05 -1.168702393486517e-05 0 1.164707170349118e-05
0.001807970946117217 -0.0003312318555916906 0.0007764275878132823 -0.0005497267379561997 0.0001226117949940281 0.0005695885576788766
0.001888601748954789 -0.0005033586338552801 0.0008554355418409606 -0.0005804642607824359 9.214668615764318e-05 0.0006254287921809467
0.02945124646679905 -0.008070386415715147 0.01340562494036945 -0.009064384252551624 0.001388721082513516 0.009798799267163014
0.02651836929369342 -0.00693079284165181 0.01197283051109959 -0.008146238329765089 0.001326192257889969 0.00875572816631706
1.519203712166806e-05 0 0 0 0 0
2.132497072858513e-05 0 0 0 0 0
-0.02793218690726281 -0.03151751003647482 -0.00221553244215085 0.007674603137782652 -0.01070879431207698 -0.002178264156577949
-0.008680944919263862 -0.01000710743646788 -0.0006477307560163076 0.002397744141479003 -0.003391277256289992 -0.000651693051229332
-0.01427973243136785 -0.01045216111691276 -0.002734893996589742 0.004156789766952465 -0.00419202231736379 -0.002213719417541917
1.248535642178801e-05 0 0 0 0 0
1.849275146252902e-05 0 0 0 0 0
1.618359823159164e-05 0 0 0 0 0
4.487613239449123e-05 0 1.715910245994366e-05 -1.336121097447745e-05 0 1.268856033554624e-05
2.967367232243857e-05 0 1.168124435779387e-05 0 0 0
3.69363692050266e-05 0 1.455497340518601e-05 -1.108714857269595e-05 0 1.074468299474355e-05
3.587655368993443e-05 0 1.434440142231021e-05 -1.08056681657777e-05 0 1.057963265651854e-05
3.680744880493733e-05 0 1.500426206199808e-05 -1.112808525667185e-05 0 1.105168087781512e-05
4.787702288213516e-05 0 1.909253270038182e-05 -1.439032604614557e-05 0 1.408072059734762e-05
3.610729190357034e-05 0 1.521444326404051e-05 -1.098357869958614e-05 0 1.118120379604875e-05
3.443550770767556e-05 0 1.471023796815973e-05 -1.050517665119731e-05 0 1.080135038495317e-05
4.762801342041941e-05 0 1.998941877220778e-05 -1.445395866908358e-05 0 1.469101614631327e-05
3.13648151152549e-05 0 1.388817566053138e-05 0 0 1.017323723190122e-05
0.00110605892177045 -0.0003131449494610013 0.0005055598090950437 -0.0003401464718087427 4.95090762907412e-05 0.0003693512931179179
2.0582393415401e-05 0 0 0 0 0
1.052807150939253e-05 0 0 0 0 0
1.166207332829214e-05 0 0 0 0 0
-0.00116322477466894 -0.001451322428465957 -5.754239077973696e-05 0.0003191427697284739 -0.0004812134497288675 -6.759457184332507e-05
-0.01213110451167906 -0.008871003311592752 -0.002322468387213345 0.003526765679336036 -0.003554738072642596 -0.001879385716623902
1.201849027253899e-05 0 0 0 0 0
1.230212934594813e-05 0 0 0 0 0
1.966547397917004e-05 0 0 0 0 0
2.49669824383508e-05 0 1.009775912507556e-05 0 0 0
3.219984413699322e-05 0 1.311854521641005e-05 0 0 0
4.074361699713565e-05 0 1.652732304874514e-05 -1.22986689059765e-05 0 1.217622809201109e-05
3.992129485340129e-05 0 1.628157458104886e-05 -1.206359400183344e-05 0 1.199097393589755e-05
3.101507954579108e-05 0 1.292922832139365e-05 0 0 0
3.146377767287195e-05 0 1.34187809013153e-05 0 0 0
3.77091958940421e-05 0 1.595218402758007e-05 -1.147298527236786e-05 0 1.171927057702481e-05
3.846225635501477e-05 0 1.677670321435219e-05 -1.176223365115641e-05 0 1.229869226158903e-05
2.891119468002757e-05 0 1.29956878794803e-05 0 0 0
2.549758652272615e-05 0 1.154534309181149e-05 0 0 0
2.568636582171083e-05 0 1.15764274247432e-05 0 0 0
1.671793450644087e-05 0 0 0 0 0
-0.001496030602064833 -0.00191791704465448 -6.076786226782478e-05 0.0004096688004404285 -0.0006314317348930101 -7.800069341593474e-05
-0.0128187085229759 -0.00989058257275658 -0.002308891023694463 0.003706940241981762 -0.00387464523484756 -0.001886542445940561
-0.01268232177083063 -0.0098356517245682 -0.002261467097101291 0.00365658334126149 -0.003838878666781317 -0.001849765140672566
1.276523721951754e-05 0 0 0 0 0
1.661499782880276e-05 0 0 0 0 0
2.304855646106104e-05 0 0 0 0 0
2.98513722608737e-05 0 1.215017041081512e-05 0 0 0
2.752244250077421e-05 0 1.163070984644106e-05 0 0 0
3.245529304331279e-05 0 1.341035850823596e-05 0 0 0
3.466508010156417e-05 0 1.454437521436218e-05 -1.052632651663449e-05 0 1.068994838376339e-05
3.954101376350376e-05 0 1.67454687800183e-05 -1.202898398297421e-05 0 1.230016058409003e-05
3.571818052824921e-05 0 1.531101051272816e-05 -1.089671922491488e-05 0 1.123848010620923e-05
4.16155143526385e-05 0 1.816380147116991e-05 -1.272275807421604e-05 0 1.331388967177084e-05
0.004349816772014699 -0.001451610807539126 0.002047289985637661 -0.001342339355900766 0.0001411279789487089 0.001492492248455449
0.005873405842311855 -0.002256310636090633 0.002849723493933049 -0.001826693457248121 0.0001250733069253197 0.002074095648820267
0.016621396262543 -0.006941865921348436 0.008214341339210396 -0.00518458353129178 0.0002227299977606476 0.005971473234507038
1.634828831363213e-05 0 0 0 0 0
1.231835873356471e-05 0 0 0 0 0
-0.002426076923836025 -0.002386206367940871 -0.0002956054126501377 0.0006852347867758142 -0.0008533676215429769 -0.00026066919605695
-0.00165067180697833 -0.001512004694272407 -0.0002333004308022702 0.0004715542474355874 -0.0005558787834977677 -0.0001995565784269728
-0.009464265446036277 -0.007235172422273781 -0.001746346552521094 0.002765533027890966 -0.002864025519637 -0.001425073391600308
1.539364810642588e-05 0 0 0 0 0
1.28743000515715e-05 0 0 0 0 0
1.805004656489238e-05 0 0 0 0 0
2.787630661144115e-05 0 1.122838617881569e-05 0 0 0
3.099245934613095e-05 0 1.271216081406936e-05 0 0 0
3.378757332774297e-05 0 1.403850673374068e-05 -1.02350965201592e-05 0 1.032398927546285e-05
3.918215483649815e-05 0 1.608800217504954e-05 -1.183635586963276e-05 0 1.183971983604148e-05
3.7155848163602e-05 0 1.563322076271678e-05 -1.128344934373837e-05 0 1.14873491851058e-05
3.908896319422073e-05 0 1.666181591922469e-05 -1.190285236983438e-05 0 1.2232786821883e-05
3.839003175153152e-05 0 1.64381702932488e-05 -1.169362440982843e-05 0 1.206399243296603e-05
3.571929694488405e-05 0 1.617854317273718e-05 -1.100875933753473e-05 0 1.183167032713769e-05
0.001863666540301649 -0.0007555943632212787 0.0009148835383490682 -0.000580366236867531 2.993000690950672e-05 0.0006652967306589535
0.005503618320993864 -0.002398304926655445 0.002743879568297398 -0.001714967796589544 4.631444168570389e-05 0.001992869186025226
3.022658757003791e-05 -1.011193586105148e-05 1.42909216675836e-05 0 0 1.042244194455123e-05
2.592061564500898e-05 0 1.252269711108949e-05 0 0 0
2.010952384332991e-05 0 0 0 0 0
1.151088031594939e-05 0 0 0 0 0
2.550587106580844e-05 -1.273708912778493e-05 1.313750701884179e-05 0 0 0
-0.006987703134482387 -0.006904837863195848 -0.0008492438384118793 0.001979593880073746 -0.002469928599316937 -0.0007503199966932964
-0.01864700835835888 -0.01717232969701601 -0.002611881489235621 0.005325235486286143 -0.006301408702008256 -0.002238467740490679
1.503971584261133e-05 0 0 0 0 0
2.806258436559337e-05 0 1.160679659735115e-05 0 0 0
2.352830621934071e-05 0 0 0 0 0
3.588664144595956e-05 0 1.505371034515981e-05 -1.08643256169461e-05 0 1.105928918602011e-05
3.315655411070578e-05 0 1.39537709972655e-05 -1.006810062894951e-05 0 1.025290404443672e-05
3.538963816799619e-05 0 1.510741965537908e-05 -1.075966621346409e-05 0 1.108739382290289e-05
3.820416152109063e-05 0 1.668565122112929e-05 -1.167529548526027e-05 0 1.222876372902305e-05
3.850795908018417e-05 0 1.70526969726374e-05 -1.178975620633948e-05 0 1.248482402312894e-05
3.541344282589459e-05 0 1.614040152860487e-05 -1.091048402987375e-05 0 1.179632951444495e-05
3.643122663244113e-05 -1.004914694570768e-05 1.661476942049604e-05 -1.122289959406473e-05 0 1.214226397837268e-05
3.772256433671949e-05 -1.107121911288227e-05 1.739251789357147e-05 -1.164674209527842e-05 0 1.270206044382399e-05
3.201359132531283e-05 -1.170454935088565e-05 1.540193059160541e-05 0 0 1.121823935684453e-05
2.647280893479028e-05 -1.020788915038956e-05 1.287575213390083e-05 0 0 0
1.771198300027881e-05 0 0 0 0 0
-0.001016876353221301 -0.001417317586932661 -1.106060446084053e-05 0.0002760665755556494 -0.000456642845885644 -3.260177390164518e-05
-0.006059953773630489 -0.007001818757235012 -0.000460283459879849 0.001687635541729652 -0.0023811812195802 -0.0004627866145339818
-0.01442767600535401 -0.01556303366489836 -0.001366349544363666 0.004015272301323884 -0.005383264087061154 -0.001281379073954846
1.163615431061583e-05 0 0 0 0 0
1.213764114113853e-05 0 0 0 0 0
1.936087529609267e-05 0 0 0 0 0
3.206847361352018e-05 0 1.403698827746647e-05 0 0 1.028452951802726e-05
2.819835113343148e-05 0 1.252475061960409e-05 0 0 0
2.600921091493358e-05 0 1.181751579853715e-05 0 0 0
3.26067404901037e-05 0 1.452984581278452e-05 0 0 1.0631816032922e-05
3.982926042977648e-05 -1.082410981293969e-05 1.810626438930153e-05 -1.224554936622691e-05 0 1.3232185956826e-05
2.930556234584939e-05 -1.015327739000801e-05 1.394303817105779e-05 0 0 1.016232069130235e-05
2.920444197171361e-05 -1.100278823387599e-05 1.41416385200768e-05 0 0 1.02960470056881e-05
2.976382179957331e-05 -1.1364496014179e-05 1.44459422036963e-05 0 0 1.051482351882693e-05
2.639090359165064e-05 -1.255045648959783e-05 1.349393335226769e-05 0 0 0
2.022077737222614e-05 0 1.008165369138798e-05 0 0 0
1.067633744283072e-05 0 0 0 0 0
1.607137543792644e-05 0 0 0 0 0
1.586767438038699e-05 0 0 0 0 0
2.925803970610354e-05 0 1.289995275053122e-05 0 0 0
3.009130465989936e-05 0 1.358457712394288e-05 0 0 0
2.464081427679213e-05 0 1.138841061140654e-05 0 0 0
2.511938549017998e-05 0 1.201324496157892e-05 0 0 0
3.528600907790362e-05 -1.083915388683189e-05 1.637382446593342e-05 -1.087394430928074e-05 0 1.194787466771191e-05
2.916059539105273e-05 -1.11235530719201e-05 1.41371402816706e-05 0 0 1.028821287605311e-05
2.62847816216386e-05 -1.171058480513323e-05 1.322965198683049e-05 0 0 0
2.94802463353235e-05 -1.238189391856939e-05 1.460155265985089e-05 0 0 1.061127030606013e-05
2.465393237831727e-05 -1.183668333045236e-05 1.26241770593076e-05 0 0 0
1.50035643101468e-05 0 0 0 0 0
1.556430560581903e-05 0 0 0 0 0
-0.0008572052437855328 -0.003472022794093637 0.0006115742904180818 0.000167136024823993 -0.0009222894838379991 0.0003949611963865563
1.746335480421652e-05 0 0 0 0 0
1.661301139337622e-05 0 0 0 0 0
2.881679066734545e-05 0 1.308259880223576e-05 0 0 0
2.554672942118836e-05 0 1.182900743492483e-05 0 0 0
2.236484324044882e-05 0 1.072284654935451e-05 0 0 0
2.624458330156173e-05 0 1.253844325236199e-05 0 0 0
3.158302249746404e-05 -1.165438466173495e-05 1.519460731698003e-05 0 0 1.106206193993338e-05
3.018719597106898e-05 -1.178311167927692e-05 1.468938480739586e-05 0 0 1.068449829554715e-05
2.308078580041055e-05 -1.046625381986972e-05 1.164210656339351e-05 0 0 0
2.593563289794855e-05 -1.232348968155318e-05 1.323249132168406e-05 0 0 0
2.430025486983961e-05 -1.158881500286173e-05 1.24077295870451e-05 0 0 0
1.715037132126436e-05 -1.064568930435201e-05 0 0 0 0
1.560477496867945e-05 -1.011595457246975e-05 0 0 0 0
1.192693591751132e-05 0 0 0 0 0
1.611976502592246e-05 -1.159612354597496e-05 0 0 0 0
-0.000647384476552682 -0.003569688049329747 0.0007174998530825297 0.0001016782865014376 -0.0009217574971722333 0.0004717978203133707
1.433246809020337e-05 0 0 0 0 0
1.766514076181361e-05 0 0 0 0 0
1.581062531414238e-05 0 0 0 0 0
1.582488281717167e-05 0 0 0 0 0
2.414648256459394e-05 0 1.176059570374882e-05 0 0 0
2.268764857427355e-05 0 1.123575412104893e-05 0 0 0
1.545842247350625e-05 0 0 0 0 0
2.367060029892499e-05 -1.079713254142904e-05 1.193597647038088e-05 0 0 0
1.5026587386542e-05 0 0 0 0 0
1.940351028916467e-05 -1.170818357727707e-05 1.057615213994625e-05 0 0 0
1.53978041497127e-05 -1.039495809500335e-05 0 0 0 0
1.199363089265951e-05 0 0 0 0 0
1.024054369193876e-05 0 0 0 0 0
1.667860012334952e-05 -1.449859127909561e-05 1.030017039877495e-05 0 0 0
1.068429870218675e-05 -1.077938723260613e-05 0 0 0 0
0 -1.07041809001022e-05 0 0 0 0
0 -1.050654060875582e-05 0 0 0 0
0 -1.095544546597415e-05 0 0 0 0
1.210482948232359e-05 0 0 0 0 0
1.48006297209464e-05 0 0 0 0 0
1.399188702870482e-05 0 0 0 0 0
2.734610284319915e-05 0 1.284042090648837e-05 0 0 0
1.325382117655983e-05 0 0 0 0 0
1.636935177646445e-05 0 0 0 0 0
1.857012073990168e-05 0 0 0 0 0
1.625625539545534e-05 0 0 0 0 0
1.441088194721359e-05 0 0 0 0 0
1.855682317554959e-05 -1.025046913903194e-05 0 0 0 0
1.473106238336473e-05 -1.021276025967822e-05 0 0 0 0
2.334880845535951e-05 -1.422145054797286e-05 1.27297536783297e-05 0 0 0
1.240983476063492e-05 -1.200780728669604e-05 0 0 0 0
1.188531007156386e-05 -1.149234119684263e-05 0 0 0 0
1.161224918778903e-05 -1.246177196738272e-05 0 0 0 0
1.209719063816483e-05 -1.447199540786561e-05 0 0 0 0
1.190977437839408e-05 -1.529238880852863e-05 0 0 0 0
0 -1.069324694503229e-05 0 0 0 0
1.000698275354544e-05 -1.27189982426558e-05 0 0 0 0
1.1691063925886e-05 0 0 0 0 0
1.256081597842534e-05 0 0 0 0 0
1.817602018002237e-05 0 0 0 0 0
2.05261209564159e-05 0 1.003969532132676e-05 0 0 0
1.712087349235953e-05 0 0 0 0 0
1.823994991256596e-05 0 0 0 0 0
1.624228033305841e-05 0 0 0 0 0
1.660340238707859e-05 0 0 0 0 0
2.318438842543117e-05 -1.417095545943356e-05 1.265733362123014e-05 0 0 0
1.044988720445444e-05 0 0 0 0 0
1.066196380731479e-05 0 0 0 0 0
1.210950783790723e-05 -1.090814679296858e-05 0 0 0 0
1.232760557094268e-05 -1.192123056209942e-05 0 0 0 0
1.279709020392798e-05 -1.162658518598732e-05 0 0 0 0
0 -1.032617865108333e-05 0 0 0 0
1.162517339212068e-05 -1.322592465482562e-05 0 0 0 0
1.086243546195943e-05 -1.286689646591849e-05 0 0 0 0
1.306557428479348e-05 -1.414490170615855e-05 0 0 0 0
0 -1.148592678459063e-05 0 0 0 0
2.410070231101903e-05 0 1.120994723658297e-05 0 0 0
1.150057968101821e-05 0 0 0 0 0
1.135111016128545e-05 0 0 0 0 0
1.200397685431179e-05 0 0 0 0 0
1.235020486399957e-05 0 0 0 0 0
1.137733606868517e-05 0 0 0 0 0
1.701040065878241e-05 -1.007108241980755e-05 0 0 0 0
1.188775150573952e-05 0 0 0 0 0
1.929588076550241e-05 -1.402761328044958e-05 1.112990903307014e-05 0 0 0
1.099777613747472e-05 -1.051394114448248e-05 0 0 0 0
1.218897665183155e-05 -1.27361866914389e-05 0 0 0 0
1.409122087848061e-05 -1.578680162450411e-05 0 0 0 0
0 -1.006231035539533e-05 0 0 0 0
1.285990813054151e-05 0 0 0 0 0
1.043047451833846e-05 0 0 0 0 0
1.07617606922345e-05 -1.052422471200217e-05 0 0 0 0
1.880466274394226e-05 0 0 0 0 0
1.043108078420295e-05 0 0 0 0 0
1.296248830138335e-05 0 0 0 0 0
1.456189219531874e-05 0 0 0 0 0
1.277488002680567e-05 0 0 0 0 0
1.293353615123837e-05 0 0 0 0 0
1.079480756014944e-05 0 0 0 0 0
1.008994541889399e-05 0 0 0 0 0
1.552491267556281e-05 0 0 0 0 0
1.387036043036012e-05 0 0 0 0 0
1.443317189539885e-05 0 0 0 0 0
1.301575617653541e-05 0 0 0 0 0
1.471190850934156e-05 0 0 0 0 0
1.275313021165532e-05 0 0 0 0 0
1.650588738295544e-05 0 0 0 0 0
1.644471453893211e-05 0 0 0 0 0
1.155653741738255e-05 0 0 0 0 0
1.240750096224211e-05 0 0 0 0 0
1.082876860188062e-05 0 0 0 0 0
1.048620141956685e-05 0 0 0 0 0
1.038381898317149e-05 0 0 0 0 0
1.278147208202781e-05 0 0 0 0 0
1.072796166933285e-05 0 0 0 0 0
1.120856019760937e-05 0 0 0 0 0
1.14482725591849e-05 0 0 0 0 0
1.226448305475747e-05 0 0 0 0 0
1.137095385775579e-05 0 0 0 0 0
1.441810057949048e-05 0 0 0 0 0
1.018921167573936e-05 0 0 0 0 0
1.17764655550703e-05 0 0 0 0 0
1.166604964972287e-05 0 0 0 0 0
1.157098155557751e-05 0 0 0 0 0
1.298895559136421e-05 0 0 0 0 0
1.23021851150817e-05 0 0 0 0 0
1.005198020137996e-05 0 0 0 0 0
1.237504024977144e-05 0 0 0 0 0
1.34427903672568e-05 0 0 0 0 0
1.328548347351783e-05 0 0 0 0 0
1.169023064876972e-05 0 0 0 0 0
1.537948564587215e-05 0 0 0 0 0
1.343000345133398e-05 0 0 0 0 0
1.017497956026158e-05 0 0 0 0 0
1.07414799282411e-05 0 0 0 0 0
1.169878891527731e-05 0 0 0 0 0
1.18000166085551e-05 0 0 0 0 0
1.00308514925152e-05 0 0 0 0 0
1.297621204979906e-05 0 0 0 0 0
1.05632055701886e-05 0 0 0 0 0
1.000986424061572e-05 0 0 0 0 0
1.187632900378653e-05 0 0 0 0 0
1.407800970131997e-05 0 0 0 0 0
1.197561221322885e-05 0 0 0 0 0
1.114189917335795e-05 0 0 0 0 0
1.017965242826139e-05 0 0 0 0 0
1.40436270368003e-05 0 0 0 0 0
1.076214309355715e-05 0 0 0 0 0
1.425378369094482e-05 0 0 0 0 0
1.123807650844337e-05 0 0 0 0 0
1.455838240902402e-05 0 0 0 0 0
1.048698115133541e-05 0 0 0 0 0
1.075366317842223e-05 0 0 0 0 0
1.126428492725367e-05 0 0 0 0 0
1.370814062675047e-05 0 0 0 0 0
1.196977933741803e-05 0 0 0 0 0
1.282588713591447e-05 0 0 0 0 0
1.249989068148199e-05 0 0 0 0 0
1.508130623218959e-05 0 0 0 0 0
1.074545722955823e-05 0 0 0 0 0
1.183536609454721e-05 0 0 0 0 0
1.21459464987589e-05 0 0 0 0 0
1.09528724825786e-05 0 0 0 0 0
1.453072576054448e-05 0 0 0 0 0
1.39250851830733e-05 0 0 0 0 0
1.492678730208636e-05 0 0 0 0 0
1.460413428492287e-05 0 0 0 0 0
1.143198859296804e-05 0 0 0 0 0
1.328877975278179e-05 0 0 0 0 0
1.350052916712946e-05 0 0 0 0 0
1.23572189057684e-05 0 0 0 0 0
1.233664665261049e-05 0 0 0 0 0
1.318929974517389e-05 0 0 0 0 0
1.419476903038651e-05 0 0 0 0 0
1.471891210949219e-05 0 0 0 0 0
1.003021046825233e-05 0 0 0 0 0
1.209982708551808e-05 0 0 0 0 0
1.290909911433531e-05 0 0 0 0 0
1.47240897274694e-05 0 0 0 0 0
1.464395583136122e-05 0 0 0 0 0
1.096629248801591e-05 0 0 0 0 0
1.39952407066503e-05 0 0 0 0 0
1.192556416939048e-05 0 0 0 0 0
1.077432656924967e-05 0 0 0 0 0
1.531123945020425e-05 0 0 0 0 0
1.431368270269298e-05 0 0 0 0 0
1.486878720975398e-05 0 0 0 0 0
1.161045337190462e-05 0 0 0 0 0
1.522900223296153e-05 0 0 0 0 0
1.061698483097603e-05 0 0 0 0 0
1.484769803757762e-05 0 0 0 0 0
1.17535344561923e-05 0 0 0 0 0
1.238530336456392e-05 0 0 0 0 0
1.18859959348913e-05 0 0 0 0 0
1.1608070651885e-05 0 0 0 0 0
1.471239582661705e-05 0 0 0 0 0
1.43981862830286e-05 0 0 0 0 0
1.438018726832675e-05 0 0 0 0 0
1.069951577383682e-05 0 0 0 0 0
1.442488932742734e-05 0 0 0 0 0
1.261788095937561e-05 0 0 0 0 0
1.524428024643379e-05 0 0 0 0 0
1.232153290139271e-05 0 0 0 0 0
1.077315618108224e-05 0 0 0 0 0
1.464671898133441e-05 0 0 0 0 0
1.359278408231121e-05 0 0 0 0 0
1.269423590797023e-05 0 0 0 0 0
1.453628989747605e-05 0 0 0 0 0
1.481761778563731e-05 0 0 0 0 0
1.219081932705364e-05 0 0 0 0 0
1.169711398415927e-05 0 0 0 0 0
1.043055162366867e-05 0 0 0 0 0
1.076748795542869e-05 0 0 0 0 0
1.412223954692049e-05 0 0 0 0 0
1.526257410781685e-05 0 0 0 0 0
1.410615178490661e-05 0 0 0 0 0
1.078415991927199e-05 0 0 0 0 0
1.077377541288553e-05 0 0 0 0 0
1.062664134175777e-05 0 0 0 0 0
1.329042584414748e-05 0 0 0 0 0
1.331400516460221e-05 0 0 0 0 0
1.288107016801233e-05 0 0 0 0 0
1.185024022559916e-05 0 0 0 0 0
1.2477872895777e-05 0 0 0 0 0
1.259601704897201e-05 0 0 0 0 0
1.511040497917537e-05 0 0 0 0 0
1.367086272078752e-05 0 0 0 0 0
1.307978229985432e-05 0 0 0 0 0
1.429107946631113e-05 0 0 0 0 0
1.445916418902626e-05 0 0 0 0 0
1.452957517803554e-05 0 0 0 0 0
1.401887252374495e-05 0 0 0 0 0
1.298857454708587e-05 0 0 0 0 0
1.439518465688413e-05 0 0 0 0 0
1.304900791348093e-05 0 0 0 0 0
1.205540157780436e-05 0 0 0 0 0
1.352655076161234e-05 0 0 0 0 0
1.16454994189072e-05 0 0 0 0 0
1.400760950555161e-05 0 0 0 0 0
1.195997758120187e-05 0 0 0 0 0
1.324914016743374e-05 0 0 0 0 0
1.256588484656512e-05 0 0 0 0 0
1.428465912427437e-05 0 0 0 0 0
1.527225413470945e-05 0 0 0 0 0
1.125164064195966e-05 0 0 0 0 0
1.183841934392484e-05 0 0 0 0 0
1.256837166946172e-05 0 0 0 0 0
1.04949186437776e-05 0 0 0 0 0
1.429154187553348e-05 0 0 0 0 0
1.173394043547129e-05 0 0 0 0 0
1.325483500122575e-05 0 0 0 0 0
1.474987760011446e-05 0 0 0 0 0
1.186371030585918e-05 0 0 0 0 0
1.34774730447962e-05 0 0 0 0 0
1.339541764339394e-05 0 0 0 0 0
1.241259024589012e-05 0 0 0 0 0
1.468165058020161e-05 0 0 0 0 0
1.459826894355796e-05 0 0 0 0 0
1.446705040629833e-05 0 0 0 0 0
1.237531675308071e-05 0 0 0 0 0
1.210166769879871e-05 0 0 0 0 0
1.470311632744318e-05 0 0 0 0 0
1.437074103622295e-05 0 0 0 0 0
1.455128249125582e-05 0 0 0 0 0
1.412954639099202e-05 0 0 0 0 0
1.459948284815778e-05 0 0 0 0 0
1.565319327401978e-05 0 0 0 0 0
1.191024169723868e-05 0 0 0 0 0
1.424042857106581e-05 0 0 0 0 0
1.4024727101123e-05 0 0 0 0 0
1.437163790259826e-05 0 0 0 0 0
1.314673585987071e-05 0 0 0 0 0
1.345360448669768e-05 0 0 0 0 0
1.334134368960776e-05 0 0 0 0 0
1.405407515937708e-05 0 0 0 0 0
1.311241092471346e-05 0 0 0 0 0
1.42193917841856e-05 0 0 0 0 0
1.456712636815038e-05 0 0 0 0 0
1.191544255753917e-05 0 0 0 0 0
1.354441316101449e-05 0 0 0 0 0
1.343545887105646e-05 0 0 0 0 0
1.120986191519426e-05 0 0 0 0 0
1.014592705532072e-05 0 0 0 0 0
1.236263275630419e-05 0 0 0 0 0
1.05732052495344e-05 0 0 0 0 0
1.292072818561705e-05 0 0 0 0 0
1.561260474819861e-05 0 0 0 0 0
1.433909662965978e-05 0 0 0 0 0
1.272885866451865e-05 0 0 0 0 0
1.412536152251329e-05 0 0 0 0 0
1.417567908676072e-05 0 0 0 0 0
1.237100815093272e-05 0 0 0 0 0
1.513330698003451e-05 0 0 0 0 0
1.133467479417282e-05 0 0 0 0 0
1.455367744102219e-05 0 0 0 0 0
1.240100102316439e-05 0 0 0 0 0
1.171471564378544e-05 0 0 0 0 0
1.399441626557623e-05 0 0 0 0 0
1.039491355291649e-05 0 0 0 0 0
1.242368083070126e-05 0 0 0 0 0
1.620860415094954e-05 0 0 0 0 0
