3 45
5 34
5 40
5 42
5 43
5 44
5 45
5 46
5 47
5 48
5 49
5 50
5 54
5 56
6 37
6 39
6 41
6 43
6 45
6 47
6 48
6 49
6 50
6 53
6 54
6 55
6 57
7 40
7 42
7 44
7 46
7 47
7 48
7 49
7 50
7 51
7 52
7 53
7 54
7 55
7 58
7 60
7 62
7 64
8 40
8 42
8 44
8 45
8 47
8 48
8 49
8 50
8 52
8 53
8 54
8 55
8 57
8 58
8 59
8 60
8 62
8 64
9 36
9 37
9 38
9 44
9 45
9 46
9 48
9 49
9 50
9 51
9 54
9 55
9 56
9 57
9 59
9 60
9 62
9 64
9 66
10 41
10 42
10 44
10 45
10 46
10 47
10 48
10 49
10 50
10 52
10 53
10 54
10 55
10 56
10 57
10 58
10 59
10 60
10 61
10 62
10 69
11 42
11 44
11 45
11 48
11 49
11 50
11 51
11 52
11 54
11 55
11 56
11 58
11 60
11 62
11 64
11 68
11 72
12 35
12 43
12 44
12 45
12 46
12 47
12 49
12 50
12 51
12 56
12 60
12 62
12 68
12 71
13 30
13 32
13 34
13 36
13 40
13 42
13 44
13 45
13 47
13 48
13 49
13 50
13 51
13 52
13 54
13 56
13 57
13 60
13 64
13 66
14 33
14 37
14 39
14 41
14 43
14 44
14 45
14 46
14 48
14 50
14 52
14 53
14 55
14 57
14 58
14 61
15 37
15 39
15 40
15 41
15 42
15 43
15 44
15 45
15 46
15 47
15 48
15 49
15 50
15 51
15 53
15 55
15 57
15 60
16 34
16 38
16 40
16 41
16 42
16 43
16 44
16 46
16 47
16 48
16 49
16 50
16 52
16 61
17 35
17 37
17 38
17 39
17 40
17 41
17 42
17 43
17 44
17 45
17 47
17 49
17 50
17 52
17 53
18 30
18 32
18 34
18 36
18 37
18 38
18 40
18 41
18 42
18 43
18 44
18 45
18 46
18 47
18 48
18 49
18 51
18 52
18 53
18 57
18 59
19 34
19 35
19 36
19 37
19 39
19 41
19 42
19 44
19 45
19 46
19 48
19 49
19 51
19 57
20 29
20 33
20 35
20 37
20 39
20 45
20 47
20 49
20 50
20 53
20 57
21 22
21 26
21 30
21 41
21 45
21 47
21 50
21 52
21 53
21 57
22 21
22 24
22 30
22 40
22 43
22 46
22 48
22 49
22 50
22 53
22 54
22 55
22 57
22 59
23 21
23 22
23 23
23 40
23 42
23 43
23 44
23 46
23 48
23 49
23 50
24 19
24 20
24 24
24 26
24 41
24 44
24 48
24 49
24 52
25 18
25 20
25 22
25 24
25 36
25 40
25 42
25 44
26 19
26 20
26 37
26 42
27 18
28 17
28 18
28 19
28 20
29 16
29 22
29 24
29 26
30 15
30 17
30 19
30 20
30 21
30 22
30 23
30 25
31 14
31 16
31 17
31 18
31 19
31 21
31 23
31 42
31 47
31 56
31 70
32 14
32 16
32 18
32 19
32 20
32 21
32 22
32 43
32 45
32 49
32 51
32 53
32 55
32 57
32 71
33 14
33 17
33 18
33 19
33 20
33 21
33 22
33 45
33 53
33 55
33 71
34 16
34 18
34 19
34 20
34 21
34 22
34 23
34 49
34 52
34 53
34 71
35 14
35 16
35 17
35 18
35 19
35 20
35 21
35 22
35 52
35 54
35 70
35 71
36 14
36 16
36 17
36 18
36 19
36 20
36 21
36 22
36 55
36 69
36 71
37 13
37 17
37 19
37 21
37 23
37 54
37 56
38 14
38 15
38 16
38 17
38 18
38 19
38 20
38 22
38 54
39 11
39 15
39 16
39 17
39 18
39 19
39 20
39 21
39 54
39 55
40 14
40 16
40 17
40 18
40 19
40 20
40 22
40 53
40 54
40 55
41 18
41 19
41 20
41 21
41 22
41 54
42 14
42 18
42 19
42 20
42 21
42 22
42 55
42 57
42 69
43 12
43 14
43 16
43 18
43 19
43 20
43 21
43 22
43 54
43 55
43 56
43 57
43 58
43 59
43 60
43 61
43 62
44 10
44 17
44 18
44 19
44 20
44 21
44 22
44 23
44 54
44 55
44 56
44 57
44 59
44 60
44 62
45 13
45 15
45 16
45 18
45 19
45 20
45 21
45 22
45 54
45 55
45 56
45 57
45 58
45 59
45 60
45 61
45 62
45 63
45 64
45 66
45 68
45 69
46 11
46 14
46 16
46 17
46 18
46 19
46 20
46 21
46 22
46 55
46 57
46 58
46 59
46 60
46 61
46 62
46 69
47 11
47 13
47 14
47 15
47 16
47 17
47 18
47 19
47 20
47 21
47 22
47 23
47 53
47 55
47 56
47 57
47 58
47 59
47 60
47 61
47 67
48 10
48 12
48 14
48 15
48 16
48 17
48 18
48 19
48 20
48 21
48 22
48 24
48 52
48 53
48 54
48 55
48 56
48 59
48 60
48 61
48 62
48 63
48 64
48 65
48 66
48 67
48 68
48 69
48 71
49 11
49 12
49 13
49 14
49 15
49 16
49 17
49 18
49 20
49 21
49 22
49 24
49 51
49 54
49 55
49 56
49 58
49 60
49 61
49 62
49 65
49 67
49 69
50 9
50 11
50 12
50 13
50 14
50 15
50 16
50 17
50 18
50 20
50 21
50 22
50 23
50 24
50 25
50 54
50 55
50 58
50 59
50 60
50 61
50 62
50 63
50 64
50 65
50 66
51 12
51 13
51 14
51 15
51 16
51 17
51 18
51 19
51 20
51 21
51 22
51 23
51 24
51 25
51 50
51 51
51 52
51 53
51 54
51 55
51 57
51 58
51 59
51 60
51 61
51 62
51 63
51 64
52 10
52 11
52 12
52 13
52 14
52 15
52 16
52 17
52 18
52 19
52 20
52 21
52 22
52 23
52 24
52 25
52 55
52 57
52 58
52 59
52 60
52 61
52 62
52 63
52 65
52 67
53 10
53 12
53 13
53 14
53 15
53 16
53 17
53 18
53 19
53 20
53 21
53 22
53 23
53 24
53 25
53 26
53 49
53 52
53 53
53 54
53 55
53 57
53 58
53 59
53 60
53 61
53 62
53 66
53 70
54 10
54 12
54 13
54 14
54 15
54 16
54 17
54 18
54 19
54 20
54 21
54 22
54 23
54 24
54 25
54 27
54 51
54 52
54 54
54 55
54 57
54 58
54 60
54 61
54 62
54 65
55 13
55 14
55 15
55 16
55 17
55 18
55 19
55 20
55 22
55 23
55 24
55 25
55 26
55 27
55 28
55 49
55 50
55 54
55 57
55 62
55 63
55 64
56 10
56 12
56 14
56 16
56 17
56 18
56 20
56 22
56 24
56 25
56 26
56 28
56 30
56 36
56 44
56 45
56 48
56 49
56 52
56 55
56 57
56 60
56 61
56 65
57 14
57 15
57 16
57 18
57 20
57 22
57 24
57 25
57 26
57 27
57 28
57 30
57 38
57 44
57 50
57 53
57 55
57 57
57 59
57 63
58 13
58 15
58 17
58 23
58 25
58 26
58 27
58 28
58 29
58 31
58 32
58 35
58 36
58 37
58 40
58 44
58 46
58 48
58 49
58 50
58 52
58 55
58 57
58 58
58 59
58 60
58 61
58 62
59 13
59 17
59 25
59 27
59 31
59 32
59 35
59 36
59 37
59 39
59 40
59 42
59 43
59 44
59 45
59 46
59 47
59 48
59 49
59 50
59 51
59 52
59 53
59 54
59 58
59 59
59 60
59 62
60 17
60 18
60 19
60 20
60 27
60 28
60 30
60 32
60 34
60 35
60 36
60 37
60 38
60 40
60 41
60 42
60 43
60 44
60 45
60 46
60 48
60 49
60 50
60 52
60 53
60 54
60 56
60 58
60 60
61 17
61 19
61 25
61 30
61 31
61 32
61 34
61 35
61 36
61 37
61 38
61 39
61 40
61 41
61 43
61 44
61 45
61 47
61 48
61 49
61 50
61 52
61 54
62 13
62 17
62 29
62 31
62 32
62 34
62 35
62 36
62 37
62 39
62 40
62 41
62 43
62 44
62 45
62 46
62 47
62 48
62 49
62 52
62 53
62 55
62 57
62 67
63 14
63 20
63 29
63 30
63 31
63 32
63 34
63 35
63 36
63 37
63 39
63 41
63 43
63 44
63 45
63 46
63 47
63 49
64 15
64 17
64 19
64 21
64 29
64 30
64 35
64 37
64 43
64 44
64 45
64 49
65 17
65 19
65 29
65 31
65 32
65 33
65 35
65 37
65 38
65 41
65 43
65 44
65 45
65 47
65 49
65 62
66 18
66 20
66 22
66 33
66 34
66 35
66 37
66 44
66 45
66 50
66 60
66 62
67 18
67 20
67 35
67 36
67 40
67 42
67 44
68 19
68 35
68 41
68 59
